OTU1 OTU2 OTU3 OTU4 OTU5 OTU6 OTU7 OTU8 OTU9 OTU10 OTU11 OTU12 OTU13 OTU14 OTU15 OTU16 OTU17 
OTU1 
OTU2 0.087       
OTU3 0.100 0.109       
OTU4 0.097 0.026 0.109       
OTU5 0.157 0.149 0.137 0.160       
OTU6 0.237 0.251 0.193 0.250 0.179       
OTU7 0.165 0.170 0.154 0.186 0.062 0.190       
OTU8 0.024 0.095 0.096 0.106 0.155 0.236 0.160       
OTU9 0.087 0.057 0.098 0.056 0.138 0.231 0.174 0.093       
OTU10 0.325 0.324 0.316 0.337 0.284 0.310 0.316 0.338 0.298       
OTU11 0.021 0.094 0.093 0.100 0.160 0.227 0.171 0.030 0.090 0.334       
OTU12 0.022 0.091 0.094 0.097 0.161 0.228 0.171 0.032 0.090 0.329 0.005       
OTU13 0.331 0.344 0.315 0.346 0.283 0.320 0.305 0.330 0.314 0.296 0.329 0.330       
OTU14 0.055 0.096 0.090 0.098 0.162 0.218 0.172 0.044 0.082 0.340 0.046 0.051 0.332       
OTU15 0.023 0.096 0.095 0.100 0.158 0.227 0.170 0.030 0.087 0.328 0.008 0.012 0.331 0.047       
OTU16 0.020 0.095 0.094 0.101 0.161 0.229 0.170 0.029 0.091 0.336 0.001 0.005 0.330 0.046 0.008       
OTU17 0.234 0.248 0.193 0.249 0.187 0.011 0.192 0.233 0.231 0.316 0.226 0.226 0.336 0.219 0.225 0.227       
