# BLASTN 2.8.1+
# Query: NODE-all
# Database: resgenes.fasta
# Fields: query id, subject id, % identity, alignment length, mismatches, gap opens, query length, q. start, q. end, subject length, s. start, s. end, evalue, bit score
# 400 hits found
NODE-all	tet(A)_6_AF534183	100.000	1247	0	0	5362444	33035	34281	1275	1247	1	0.0	2303
NODE-all	tet(A)_6_AF534183	97.297	37	1	0	5362444	1906261	1906297	1275	1239	1275	8.51e-07	63.9
NODE-all	tet(A)_4_AJ517790	100.000	1200	0	0	5362444	33007	34206	1200	1200	1	0.0	2217
NODE-all	tet(A)_1_AJ313332	99.833	1200	2	0	5362444	33007	34206	1200	1200	1	0.0	2206
NODE-all	tet(A)_5_AJ419171	99.750	1200	3	0	5362444	33007	34206	1200	1200	1	0.0	2200
NODE-all	tet(A)_3_AY196695	99.417	1200	7	0	5362444	33007	34206	1200	1200	1	0.0	2178
NODE-all	mdf(A)_1_Y08743	98.459	1233	19	0	5362444	479003	480235	1233	1233	1	0.0	2172
NODE-all	tet(A)_2_X00006	99.167	1201	8	2	5362444	33007	34206	1200	1200	1	0.0	2161
NODE-all	blaCTX-M-15_1_AY044436	100.000	876	0	0	5362444	2070912	2071787	876	1	876	0.0	1618
NODE-all	blaCTX-M-55_1_DQ810789	99.886	876	1	0	5362444	2070912	2071787	876	1	876	0.0	1613
NODE-all	blaCTX-M-3_1_Y10278	99.886	876	1	0	5362444	2070912	2071787	876	1	876	0.0	1613
NODE-all	blaCTX-M-127_1_MF196229	99.886	876	1	0	5362444	2070912	2071787	876	1	876	0.0	1613
NODE-all	blaCTX-M-218_1_MH243358	99.886	876	1	0	5362444	2070912	2071787	876	1	876	0.0	1613
NODE-all	blaCTX-M-216_1_MH243352	99.886	876	1	0	5362444	2070912	2071787	876	1	876	0.0	1613
NODE-all	blaCTX-M-210_1_MH067960	99.886	876	1	0	5362444	2070912	2071787	876	1	876	0.0	1613
NODE-all	blaCTX-M-209_1_MH067959	99.886	876	1	0	5362444	2070912	2071787	876	1	876	0.0	1613
NODE-all	blaCTX-M-208_1_MH067958	99.886	876	1	0	5362444	2070912	2071787	876	1	876	0.0	1613
NODE-all	blaCTX-M-202_1_MF195067	99.886	876	1	0	5362444	2070912	2071787	876	1	876	0.0	1613
NODE-all	blaCTX-M-197_1_KY646303	99.886	876	1	0	5362444	2070912	2071787	876	1	876	0.0	1613
NODE-all	blaCTX-M-194_1_KY563767	99.886	876	1	0	5362444	2070912	2071787	876	1	876	0.0	1613
NODE-all	blaCTX-M-193_1_KY563766	99.886	876	1	0	5362444	2070912	2071787	876	1	876	0.0	1613
NODE-all	blaCTX-M-189_1_FJ657512	99.886	876	1	0	5362444	2070912	2071787	876	1	876	0.0	1613
NODE-all	blaCTX-M-188_1_KX676491	99.886	876	1	0	5362444	2070912	2071787	876	1	876	0.0	1613
NODE-all	blaCTX-M-186_1_KX446939	99.886	876	1	0	5362444	2070912	2071787	876	1	876	0.0	1613
NODE-all	blaCTX-M-184_1_KX263247	99.886	876	1	0	5362444	2070912	2071787	876	1	876	0.0	1613
NODE-all	blaCTX-M-183_1_KX263246	99.886	876	1	0	5362444	2070912	2071787	876	1	876	0.0	1613
NODE-all	blaCTX-M-182_1_KX056901	99.886	876	1	0	5362444	2070912	2071787	876	1	876	0.0	1613
NODE-all	blaCTX-M-181_1_KX056900	99.886	876	1	0	5362444	2070912	2071787	876	1	876	0.0	1613
NODE-all	blaCTX-M-180_1_KX056899	99.886	876	1	0	5362444	2070912	2071787	876	1	876	0.0	1613
NODE-all	blaCTX-M-176_1_KT997888	99.886	876	1	0	5362444	2070912	2071787	876	1	876	0.0	1613
NODE-all	blaCTX-M-173_1_KT997884	99.886	876	1	0	5362444	2070912	2071787	876	1	876	0.0	1613
NODE-all	blaCTX-M-172_1_KT251041	99.886	876	1	0	5362444	2070912	2071787	876	1	876	0.0	1613
NODE-all	blaCTX-M-170_1_KR822223	99.886	876	1	0	5362444	2070912	2071787	876	1	876	0.0	1613
NODE-all	blaCTX-M-163_1_KP681698	99.886	876	1	0	5362444	2070912	2071787	876	1	876	0.0	1613
NODE-all	blaCTX-M-157_1_KM211510	99.886	876	1	0	5362444	2070912	2071787	876	1	876	0.0	1613
NODE-all	blaCTX-M-156_1_KM211509	99.886	876	1	0	5362444	2070912	2071787	876	1	876	0.0	1613
NODE-all	blaCTX-M-142_1_KF240809	99.886	876	1	0	5362444	2070912	2071787	876	1	876	0.0	1613
NODE-all	blaCTX-M-139_1_KC107824	99.886	876	1	0	5362444	2070912	2071787	876	1	876	0.0	1613
NODE-all	blaCTX-M-117_1_JN227085	99.886	876	1	0	5362444	2070912	2071787	876	1	876	0.0	1613
NODE-all	blaCTX-M-103_1_HG423149	99.886	876	1	0	5362444	2070912	2071787	876	1	876	0.0	1613
NODE-all	blaCTX-M-101_1_HQ398214	99.886	876	1	0	5362444	2070912	2071787	876	1	876	0.0	1613
NODE-all	blaCTX-M-88_1_FJ873739	99.886	876	1	0	5362444	2070912	2071787	876	1	876	0.0	1613
NODE-all	blaCTX-M-82_1_DQ256091	99.886	876	1	0	5362444	2070912	2071787	876	1	876	0.0	1613
NODE-all	blaCTX-M-71_1_FJ815436	99.886	876	1	0	5362444	2070912	2071787	876	1	876	0.0	1613
NODE-all	blaCTX-M-33_1_AY238472	99.886	876	1	0	5362444	2070912	2071787	876	1	876	0.0	1613
NODE-all	blaCTX-M-22_1_AY080894	99.772	876	2	0	5362444	2070912	2071787	876	1	876	0.0	1607
NODE-all	blaCTX-M-79_1_EF426798	99.772	876	2	0	5362444	2070912	2071787	876	1	876	0.0	1607
NODE-all	blaCTX-M-144_1_KJ020573	99.772	876	2	0	5362444	2070912	2071787	876	1	876	0.0	1607
NODE-all	blaCTX-M-220_1_MH450163	99.772	876	2	0	5362444	2070912	2071787	876	1	876	0.0	1607
NODE-all	blaCTX-M-207_1_LC348384	99.772	876	2	0	5362444	2070912	2071787	876	1	876	0.0	1607
NODE-all	blaCTX-M-204_1_MF281085	99.772	876	2	0	5362444	2070912	2071787	876	1	876	0.0	1607
NODE-all	blaCTX-M-203_1_MF196230	99.772	876	2	0	5362444	2070912	2071787	876	1	876	0.0	1607
NODE-all	blaCTX-M-190_1_KX664469	99.772	876	2	0	5362444	2070912	2071787	876	1	876	0.0	1607
NODE-all	blaCTX-M-179_1_KU705393	99.772	876	2	0	5362444	2070912	2071787	876	1	876	0.0	1607
NODE-all	blaCTX-M-167_1_KR537428	99.772	876	2	0	5362444	2070912	2071787	876	1	876	0.0	1607
NODE-all	blaCTX-M-164_1_KP727571	99.772	876	2	0	5362444	2070912	2071787	876	1	876	0.0	1607
NODE-all	blaCTX-M-162_1_KP681697	99.772	876	2	0	5362444	2070912	2071787	876	1	876	0.0	1607
NODE-all	blaCTX-M-114_1_GQ351346	99.772	876	2	0	5362444	2070912	2071787	876	1	876	0.0	1607
NODE-all	blaCTX-M-72_1_AY847148	99.772	876	2	0	5362444	2070912	2071787	876	1	876	0.0	1607
NODE-all	blaCTX-M-66_1_EF576988	99.772	876	2	0	5362444	2070912	2071787	876	1	876	0.0	1607
NODE-all	blaCTX-M-54_1_DQ303459	99.772	876	2	0	5362444	2070912	2071787	876	1	876	0.0	1607
NODE-all	blaCTX-M-42_1_DQ061159	99.772	876	2	0	5362444	2070912	2071787	876	1	876	0.0	1607
NODE-all	blaCTX-M-28_6_AJ549244	99.772	876	2	0	5362444	2070912	2071787	876	1	876	0.0	1607
NODE-all	blaCTX-M-211_1_MH067961	99.885	871	1	0	5362444	2070917	2071787	885	15	885	0.0	1604
NODE-all	blaCTX-M-52_1_DQ223685	99.658	876	3	0	5362444	2070912	2071787	876	1	876	0.0	1602
NODE-all	blaCTX-M-80_1_EU202673	99.658	876	3	0	5362444	2070912	2071787	876	1	876	0.0	1602
NODE-all	blaCTX-M-69_1_EU402393	99.658	876	3	0	5362444	2070912	2071787	876	1	876	0.0	1602
NODE-all	blaCTX-M-155_1_KM211508	99.543	876	4	0	5362444	2070912	2071787	876	1	876	0.0	1596
NODE-all	blaCTX-M-150_1_KF769131	99.543	876	4	0	5362444	2070912	2071787	876	1	876	0.0	1596
NODE-all	blaCTX-M-136_1_KC351754	99.543	876	4	0	5362444	2070912	2071787	876	1	876	0.0	1596
NODE-all	blaCTX-M-177_1_KT997889	99.429	876	5	0	5362444	2070912	2071787	876	1	876	0.0	1591
NODE-all	blaCTX-M-212_1_MH067962	99.315	876	6	0	5362444	2070912	2071787	876	1	876	0.0	1585
NODE-all	blaTEM-1B_1_AY458016	99.884	861	1	0	5362444	776620	777480	861	861	1	0.0	1585
NODE-all	blaCTX-M-116_1_JF966749	99.315	876	6	0	5362444	2070912	2071787	876	1	876	0.0	1585
NODE-all	blaTEM-234_1_MH243353	99.768	861	2	0	5362444	776620	777480	861	861	1	0.0	1580
NODE-all	blaTEM-217_1_HG934763	99.768	861	2	0	5362444	776620	777480	861	861	1	0.0	1580
NODE-all	blaTEM-215_1_KP050492	99.768	861	2	0	5362444	776620	777480	861	861	1	0.0	1580
NODE-all	blaTEM-214_1_KP050491	99.768	861	2	0	5362444	776620	777480	861	861	1	0.0	1580
NODE-all	blaTEM-213_1_LJEE02000034	99.768	861	2	0	5362444	776620	777480	861	861	1	0.0	1580
NODE-all	blaTEM-128_1_AY368237	99.768	861	2	0	5362444	776620	777480	861	861	1	0.0	1580
NODE-all	blaCTX-M-206_1_KJ802520	99.201	876	7	0	5362444	2070912	2071787	876	1	876	0.0	1580
NODE-all	blaTEM-208_1_KC865667	99.768	861	2	0	5362444	776620	777480	861	861	1	0.0	1580
NODE-all	blaTEM-207_1_KC818234	99.768	861	2	0	5362444	776620	777480	861	861	1	0.0	1580
NODE-all	blaTEM-206_1_KC783461	99.768	861	2	0	5362444	776620	777480	861	861	1	0.0	1580
NODE-all	blaTEM-198_1_AB700703	99.768	861	2	0	5362444	776620	777480	861	861	1	0.0	1580
NODE-all	blaTEM-186_1_JN227084	99.768	861	2	0	5362444	776620	777480	861	861	1	0.0	1580
NODE-all	blaTEM-176_1_GU550123	99.768	861	2	0	5362444	776620	777480	861	861	1	0.0	1580
NODE-all	blaTEM-166_1_FJ197316	99.768	861	2	0	5362444	776620	777480	861	861	1	0.0	1580
NODE-all	blaTEM-148_1_AM087454	99.768	861	2	0	5362444	776620	777480	861	861	1	0.0	1580
NODE-all	blaTEM-143_1_DQ075245	99.768	861	2	0	5362444	776620	777480	861	861	1	0.0	1580
NODE-all	blaTEM-127_1_AY368236	99.768	861	2	0	5362444	776620	777480	861	861	1	0.0	1580
NODE-all	blaTEM-126_1_AY628199	99.768	861	2	0	5362444	776620	777480	861	861	1	0.0	1580
NODE-all	blaTEM-105_1_AF516720	99.768	861	2	0	5362444	776620	777480	861	861	1	0.0	1580
NODE-all	blaTEM-95_1_AJ308558	99.768	861	2	0	5362444	776620	777480	861	861	1	0.0	1580
NODE-all	blaTEM-76_1_AF190694	99.768	861	2	0	5362444	776620	777480	861	861	1	0.0	1580
NODE-all	blaTEM-70_1_AF188199	99.768	861	2	0	5362444	776620	777480	861	861	1	0.0	1580
NODE-all	blaTEM-34_1_KC292503	99.768	861	2	0	5362444	776620	777480	861	861	1	0.0	1580
NODE-all	blaTEM-33_1_GU371926	99.768	861	2	0	5362444	776620	777480	861	861	1	0.0	1580
NODE-all	blaTEM-30_1_AJ437107	99.768	861	2	0	5362444	776620	777480	861	861	1	0.0	1580
NODE-all	blaCTX-M-29_1_AY267213	99.201	876	7	0	5362444	2070912	2071787	876	1	876	0.0	1580
NODE-all	blaTEM-232_1_MH079593	99.652	861	3	0	5362444	776620	777480	861	861	1	0.0	1574
NODE-all	blaTEM-230_1_MG821377	99.652	861	3	0	5362444	776620	777480	861	861	1	0.0	1574
NODE-all	blaTEM-220_1_KM998962	99.652	861	3	0	5362444	776620	777480	861	861	1	0.0	1574
NODE-all	blaTEM-216_1_KF944358	99.652	861	3	0	5362444	776620	777480	861	861	1	0.0	1574
NODE-all	blaTEM-210_1_KJ484630	99.652	861	3	0	5362444	776620	777480	861	861	1	0.0	1574
NODE-all	blaTEM-196_1_JQ034306	99.652	861	3	0	5362444	776620	777480	861	861	1	0.0	1574
NODE-all	blaTEM-144_1_AM049400	99.652	861	3	0	5362444	776620	777480	861	861	1	0.0	1574
NODE-all	blaTEM-35_1_KP860986	99.652	861	3	0	5362444	776620	777480	861	861	1	0.0	1574
NODE-all	blaTEM-36_1_KY305958	99.652	861	3	0	5362444	776620	777480	861	861	1	0.0	1574
NODE-all	blaTEM-209_1_KF240808	99.652	861	3	0	5362444	776620	777480	861	861	1	0.0	1574
NODE-all	blaTEM-201_1_JX310327	99.652	861	3	0	5362444	776620	777480	861	861	1	0.0	1574
NODE-all	blaTEM-164_1_EU274580	99.652	861	3	0	5362444	776620	777480	861	861	1	0.0	1574
NODE-all	blaTEM-141_1_AY956335	99.652	861	3	0	5362444	776620	777480	861	861	1	0.0	1574
NODE-all	blaTEM-135_1_GQ896333	99.652	861	3	0	5362444	776620	777480	861	861	1	0.0	1574
NODE-all	blaTEM-122_1_AY307100	99.652	861	3	0	5362444	776620	777480	861	861	1	0.0	1574
NODE-all	blaTEM-106_1_AY101578	99.652	861	3	0	5362444	776620	777480	861	861	1	0.0	1574
NODE-all	blaTEM-104_1_AF516719	99.652	861	3	0	5362444	776620	777480	861	861	1	0.0	1574
NODE-all	blaTEM-79_1_AF190692	99.652	861	3	0	5362444	776620	777480	861	861	1	0.0	1574
NODE-all	blaTEM-77_1_AF190695	99.652	861	3	0	5362444	776620	777480	861	861	1	0.0	1574
NODE-all	blaTEM-57_1_FJ405211	99.652	861	3	0	5362444	776620	777480	861	861	1	0.0	1574
NODE-all	blaTEM-55_1_DQ286729	99.652	861	3	0	5362444	776620	777480	861	861	1	0.0	1574
NODE-all	blaTEM-29_1_DQ269440	99.652	861	3	0	5362444	776620	777480	861	861	1	0.0	1574
NODE-all	blaTEM-28_1_U37195	99.652	861	3	0	5362444	776620	777480	861	861	1	0.0	1574
NODE-all	blaTEM-15_1_AM849805	99.652	861	3	0	5362444	776620	777480	861	861	1	0.0	1574
NODE-all	blaTEM-10_1_AF093512	99.652	861	3	0	5362444	776620	777480	861	861	1	0.0	1574
NODE-all	blaTEM-1C_1_FJ560503	99.652	861	3	0	5362444	776620	777480	861	861	1	0.0	1574
NODE-all	blaCTX-M-96_1_AJ704396	99.087	876	8	0	5362444	2070912	2071787	876	1	876	0.0	1574
NODE-all	blaTEM-226_1_KY646301	99.535	861	4	0	5362444	776620	777480	861	861	1	0.0	1568
NODE-all	blaTEM-219_1_KM114268	99.535	861	4	0	5362444	776620	777480	861	861	1	0.0	1568
NODE-all	blaTEM-169_1_KP012538	99.535	861	4	0	5362444	776620	777480	861	861	1	0.0	1568
NODE-all	blaTEM-40_1_FR717535	99.535	861	4	0	5362444	776620	777480	861	861	1	0.0	1568
NODE-all	blaTEM-182_1_HQ317449	99.535	861	4	0	5362444	776620	777480	861	861	1	0.0	1568
NODE-all	blaTEM-163_1_EU815939	99.535	861	4	0	5362444	776620	777480	861	861	1	0.0	1568
NODE-all	blaTEM-158_1_EF534736	99.535	861	4	0	5362444	776620	777480	861	861	1	0.0	1568
NODE-all	blaTEM-147_1_DQ279850	99.535	861	4	0	5362444	776620	777480	861	861	1	0.0	1568
NODE-all	blaTEM-132_1_AY491682	99.535	861	4	0	5362444	776620	777480	861	861	1	0.0	1568
NODE-all	blaTEM-52B_1_AF027199	99.535	861	4	0	5362444	776620	777480	861	861	1	0.0	1568
NODE-all	blaTEM-1A_1_HM749966	99.535	861	4	0	5362444	776620	777480	861	861	1	0.0	1568
NODE-all	blaCTX-M-12_1_DQ821704	98.973	876	9	0	5362444	2070912	2071787	876	1	876	0.0	1568
NODE-all	blaTEM-231_1_MG821378	99.419	861	5	0	5362444	776620	777480	861	861	1	0.0	1563
NODE-all	blaTEM-181_1_KM977568	99.419	861	5	0	5362444	776620	777480	861	861	1	0.0	1563
NODE-all	blaTEM-32_1_CXLQ01000061	99.419	861	5	0	5362444	776620	777480	861	861	1	0.0	1563
NODE-all	blaCTX-M-169_1_KR779864	98.858	876	10	0	5362444	2070912	2071787	876	1	876	0.0	1563
NODE-all	blaTEM-183_1_HQ529916	99.419	861	5	0	5362444	776620	777480	861	861	1	0.0	1563
NODE-all	blaTEM-171_1_GQ149347	99.419	861	5	0	5362444	776620	777480	861	861	1	0.0	1563
NODE-all	blaTEM-168_1_FJ919776	99.419	861	5	0	5362444	776620	777480	861	861	1	0.0	1563
NODE-all	blaTEM-156_1_AM941159	99.419	861	5	0	5362444	776620	777480	861	861	1	0.0	1563
NODE-all	blaTEM-150_1_AM183304	99.419	861	5	0	5362444	776620	777480	861	861	1	0.0	1563
NODE-all	blaTEM-109_1_AY628175	99.419	861	5	0	5362444	776620	777480	861	861	1	0.0	1563
NODE-all	blaTEM-107_1_AY101764	99.419	861	5	0	5362444	776620	777480	861	861	1	0.0	1563
NODE-all	blaTEM-96_1_AY092401	99.419	861	5	0	5362444	776620	777480	861	861	1	0.0	1563
NODE-all	blaTEM-90_1_AF351241	99.419	861	5	0	5362444	776620	777480	861	861	1	0.0	1563
NODE-all	blaTEM-88_1_AY027590	99.419	861	5	0	5362444	776620	777480	861	861	1	0.0	1563
NODE-all	blaTEM-54_1_AF104442	99.419	861	5	0	5362444	776620	777480	861	861	1	0.0	1563
NODE-all	blaTEM-43_1_U95363	99.419	861	5	0	5362444	776620	777480	861	861	1	0.0	1563
NODE-all	blaTEM-20_1_EU527189	99.419	861	5	0	5362444	776620	777480	861	861	1	0.0	1563
NODE-all	blaCTX-M-62_1_EF219134	98.858	876	10	0	5362444	2070912	2071787	876	1	876	0.0	1563
NODE-all	blaCTX-M-61_1_EF219142	98.858	876	10	0	5362444	2070912	2071787	876	1	876	0.0	1563
NODE-all	blaCTX-M-60_1_AM411407	98.858	876	10	0	5362444	2070912	2071787	876	1	876	0.0	1563
NODE-all	blaCTX-M-36_1_AB177384	98.858	876	10	0	5362444	2070912	2071787	876	1	876	0.0	1563
NODE-all	blaCTX-M-32_2_AJ557142	98.858	876	10	0	5362444	2070912	2071787	876	1	876	0.0	1563
NODE-all	blaCTX-M-23_1_AF488377	98.858	876	10	0	5362444	2070912	2071787	876	1	876	0.0	1563
NODE-all	blaTEM-26_1_LDCJ01000052	99.303	861	6	0	5362444	776620	777480	861	861	1	0.0	1557
NODE-all	blaTEM-189_1_JN254627	99.303	861	6	0	5362444	776620	777480	861	861	1	0.0	1557
NODE-all	blaTEM-154_1_FJ807656	99.303	861	6	0	5362444	776620	777480	861	861	1	0.0	1557
NODE-all	blaTEM-153_1_KC149518	99.303	861	6	0	5362444	776620	777480	861	861	1	0.0	1557
NODE-all	blaTEM-146_1_DQ105529	99.303	861	6	0	5362444	776620	777480	861	861	1	0.0	1557
NODE-all	blaTEM-145_1_DQ105528	99.303	861	6	0	5362444	776620	777480	861	861	1	0.0	1557
NODE-all	blaTEM-136_1_AY826417	99.303	861	6	0	5362444	776620	777480	861	861	1	0.0	1557
NODE-all	blaTEM-116_1_AY425988	99.303	861	6	0	5362444	776620	777480	861	861	1	0.0	1557
NODE-all	blaTEM-112_1_AY589493	99.303	861	6	0	5362444	776620	777480	861	861	1	0.0	1557
NODE-all	blaTEM-91_1_AB049569	99.303	861	6	0	5362444	776620	777480	861	861	1	0.0	1557
NODE-all	blaTEM-82_1_AF427128	99.303	861	6	0	5362444	776620	777480	861	861	1	0.0	1557
NODE-all	blaTEM-81_1_AF427127	99.303	861	6	0	5362444	776620	777480	861	861	1	0.0	1557
NODE-all	blaTEM-52C_2_EF141186	99.303	861	6	0	5362444	776620	777480	861	861	1	0.0	1557
NODE-all	blaTEM-6_1_X57972	99.303	861	6	0	5362444	776620	777480	861	861	1	0.0	1557
NODE-all	blaTEM-1D_1_AF188200	99.303	861	6	0	5362444	776620	777480	861	861	1	0.0	1557
NODE-all	blaCTX-M-1_1_DQ915955	98.744	876	11	0	5362444	2070912	2071787	876	1	876	0.0	1557
NODE-all	blaTEM-99_1_AF397066	99.531	853	4	0	5362444	776620	777472	861	861	9	0.0	1554
NODE-all	blaTEM-229_1_MG821356	99.187	861	7	0	5362444	776620	777480	861	861	1	0.0	1552
NODE-all	blaTEM-225_1_KY432403	99.187	861	7	0	5362444	776620	777480	861	861	1	0.0	1552
NODE-all	blaTEM-212_1_KF481968	99.187	861	7	0	5362444	776620	777480	861	861	1	0.0	1552
NODE-all	blaTEM-191_1_KY432484	99.187	861	7	0	5362444	776620	777480	861	861	1	0.0	1552
NODE-all	blaTEM-19_1_JX042489	99.187	861	7	0	5362444	776620	777480	861	861	1	0.0	1552
NODE-all	blaTEM-52_1_Y13612	99.187	861	7	0	5362444	776620	777480	861	861	1	0.0	1552
NODE-all	blaCTX-M-146_1_KY938173	98.630	876	12	0	5362444	2070912	2071787	876	1	876	0.0	1552
NODE-all	blaCTX-M-175_1_KT997887	98.630	876	12	0	5362444	2070912	2071787	876	1	876	0.0	1552
NODE-all	blaCTX-M-166_1_KU978909	98.630	876	12	0	5362444	2070912	2071787	876	1	876	0.0	1552
NODE-all	blaCTX-M-158_1_KM211691	98.630	876	12	0	5362444	2070912	2071787	876	1	876	0.0	1552
NODE-all	blaTEM-197_1_HQ877606	99.187	861	7	0	5362444	776620	777480	861	861	1	0.0	1552
NODE-all	blaTEM-185_1_JF795538	99.187	861	7	0	5362444	776620	777480	861	861	1	0.0	1552
NODE-all	blaTEM-155_1_DQ679961	99.187	861	7	0	5362444	776620	777480	861	861	1	0.0	1552
NODE-all	blaTEM-120_1_AY243512	99.187	861	7	0	5362444	776620	777480	861	861	1	0.0	1552
NODE-all	blaTEM-115_1_AF535127	99.187	861	7	0	5362444	776620	777480	861	861	1	0.0	1552
NODE-all	blaTEM-93_1_AJ318093	99.187	861	7	0	5362444	776620	777480	861	861	1	0.0	1552
NODE-all	blaTEM-84_1_AF427130	99.187	861	7	0	5362444	776620	777480	861	861	1	0.0	1552
NODE-all	blaTEM-80_1_AF347054	99.187	861	7	0	5362444	776620	777480	861	861	1	0.0	1552
NODE-all	blaTEM-47_1_Y10279	99.187	861	7	0	5362444	776620	777480	861	861	1	0.0	1552
NODE-all	blaTEM-12_1_M88143	99.187	861	7	0	5362444	776620	777480	861	861	1	0.0	1552
NODE-all	blaTEM-2_1_X54606	99.187	861	7	0	5362444	776620	777480	861	861	1	0.0	1552
NODE-all	blaCTX-M-58_1_EF210159	98.630	876	12	0	5362444	2070912	2071787	876	1	876	0.0	1552
NODE-all	blaCTX-M-30_1_AY292654	98.630	876	12	0	5362444	2070912	2071787	876	1	876	0.0	1552
NODE-all	blaTEM-98_1_AF397068	99.414	853	5	0	5362444	776620	777472	861	861	9	0.0	1548
NODE-all	blaTEM-97_1_AF397067	99.414	853	5	0	5362444	776620	777472	861	861	9	0.0	1548
NODE-all	blaTEM-233_1_MH270416	99.071	861	8	0	5362444	776620	777480	861	861	1	0.0	1546
NODE-all	blaTEM-129_1_AJ746225	99.071	861	8	0	5362444	776620	777480	861	861	1	0.0	1546
NODE-all	blaCTX-M-138_1_KF526119	98.516	876	13	0	5362444	2070912	2071787	876	1	876	0.0	1546
NODE-all	blaTEM-160_1_EF136377	99.071	861	8	0	5362444	776620	777480	861	861	1	0.0	1546
NODE-all	blaTEM-159_1_EF136376	99.071	861	8	0	5362444	776620	777480	861	861	1	0.0	1546
NODE-all	blaTEM-157_1_DQ909059	99.071	861	8	0	5362444	776620	777480	861	861	1	0.0	1546
NODE-all	blaTEM-133_1_AY528425	99.071	861	8	0	5362444	776620	777480	861	861	1	0.0	1546
NODE-all	blaTEM-110_1_AY072920	99.071	861	8	0	5362444	776620	777480	861	861	1	0.0	1546
NODE-all	blaTEM-71_1_AF203816	99.071	861	8	0	5362444	776620	777480	861	861	1	0.0	1546
NODE-all	blaTEM-68_1_AJ239002	99.071	861	8	0	5362444	776620	777480	861	861	1	0.0	1546
NODE-all	blaTEM-53_1_AF104441	99.071	861	8	0	5362444	776620	777480	861	861	1	0.0	1546
NODE-all	blaTEM-45_1_X95401	99.071	861	8	0	5362444	776620	777480	861	861	1	0.0	1546
NODE-all	blaTEM-11_1_AY874537	99.071	861	8	0	5362444	776620	777480	861	861	1	0.0	1546
NODE-all	blaTEM-2_2_AJ251946	99.071	861	8	0	5362444	776620	777480	861	861	1	0.0	1546
NODE-all	aph(6)-Id_1_M28829	100.000	837	0	0	5362444	4739158	4739994	837	837	1	0.0	1546
NODE-all	blaTEM-108_1_AF506748	99.297	853	6	0	5362444	776620	777472	861	861	9	0.0	1543
NODE-all	blaTEM-190_1_JN416112	98.955	861	9	0	5362444	776620	777480	861	861	1	0.0	1541
NODE-all	blaTEM-188_1_JN211012	98.955	861	9	0	5362444	776620	777480	861	861	1	0.0	1541
NODE-all	blaTEM-139_1_DQ072853	98.955	861	9	0	5362444	776620	777480	861	861	1	0.0	1541
NODE-all	blaTEM-138_1_AY853593	98.955	861	9	0	5362444	776620	777480	861	861	1	0.0	1541
NODE-all	blaTEM-137_1_AM286274	98.955	861	9	0	5362444	776620	777480	861	861	1	0.0	1541
NODE-all	blaTEM-111_1_AF468003	98.955	861	9	0	5362444	776620	777480	861	861	1	0.0	1541
NODE-all	blaTEM-83_1_AF427129	98.955	861	9	0	5362444	776620	777480	861	861	1	0.0	1541
NODE-all	blaTEM-78_1_AF190693	98.955	861	9	0	5362444	776620	777480	861	861	1	0.0	1541
NODE-all	blaTEM-67_1_AF091113	98.955	861	9	0	5362444	776620	777480	861	861	1	0.0	1541
NODE-all	blaTEM-17_1_Y14574	98.955	861	9	0	5362444	776620	777480	861	861	1	0.0	1541
NODE-all	blaTEM-16_1_X65254	98.955	861	9	0	5362444	776620	777480	861	861	1	0.0	1541
NODE-all	blaTEM-3_1_X64523	98.955	861	9	0	5362444	776620	777480	861	861	1	0.0	1541
NODE-all	aph(6)-Id_2_AF024602	99.881	837	1	0	5362444	4739158	4739994	837	837	1	0.0	1541
NODE-all	aph(6)-Id_5_18676889	99.881	837	1	0	5362444	4739158	4739994	837	837	1	0.0	1541
NODE-all	blaTEM-124_1_AY327540	98.955	861	6	1	5362444	776620	777480	858	858	1	0.0	1537
NODE-all	blaTEM-4_1_LK391770	98.839	861	10	0	5362444	776620	777480	861	861	1	0.0	1535
NODE-all	blaTEM-9_1_KY271103	98.839	861	10	0	5362444	776620	777480	861	861	1	0.0	1535
NODE-all	blaTEM-184_1_FR848831	98.839	861	10	0	5362444	776620	777480	861	861	1	0.0	1535
NODE-all	blaTEM-152_1_DQ834728	98.839	861	10	0	5362444	776620	777480	861	861	1	0.0	1535
NODE-all	blaTEM-151_1_DQ834729	98.839	861	10	0	5362444	776620	777480	861	861	1	0.0	1535
NODE-all	blaTEM-149_1_DQ369751	98.839	861	10	0	5362444	776620	777480	861	861	1	0.0	1535
NODE-all	blaTEM-142_1_DQ388882	98.839	861	10	0	5362444	776620	777480	861	861	1	0.0	1535
NODE-all	blaTEM-134_1_AY574271	98.839	861	10	0	5362444	776620	777480	861	861	1	0.0	1535
NODE-all	blaTEM-130_1_AJ866988	98.839	861	10	0	5362444	776620	777480	861	861	1	0.0	1535
NODE-all	blaTEM-114_1_AY589495	98.839	861	10	0	5362444	776620	777480	861	861	1	0.0	1535
NODE-all	blaTEM-92_1_AF143804	98.839	861	10	0	5362444	776620	777480	861	861	1	0.0	1535
NODE-all	blaTEM-85_1_AJ277414	98.839	861	10	0	5362444	776620	777480	861	861	1	0.0	1535
NODE-all	blaTEM-72_1_AF157553	98.839	861	10	0	5362444	776620	777480	861	861	1	0.0	1535
NODE-all	blaTEM-63_1_AF332513	98.839	861	10	0	5362444	776620	777480	861	861	1	0.0	1535
NODE-all	blaTEM-48_1_Y10280	98.839	861	10	0	5362444	776620	777480	861	861	1	0.0	1535
NODE-all	blaTEM-24_1_GQ293500	98.839	861	10	0	5362444	776620	777480	861	861	1	0.0	1535
NODE-all	blaTEM-8_1_X65252	98.839	861	10	0	5362444	776620	777480	861	861	1	0.0	1535
NODE-all	aph(6)-Id_3_AB109805	99.761	837	2	0	5362444	4739158	4739994	837	837	1	0.0	1535
NODE-all	blaTEM-131_1_AY436361	98.722	861	11	0	5362444	776620	777480	861	861	1	0.0	1531
NODE-all	blaTEM-227_1_KY418040	98.722	861	11	0	5362444	776620	777480	861	861	1	0.0	1530
NODE-all	blaTEM-224_1_KU664545	98.722	861	11	0	5362444	776620	777480	861	861	1	0.0	1530
NODE-all	blaTEM-167_1_FJ360884	98.722	861	11	0	5362444	776620	777480	861	861	1	0.0	1530
NODE-all	blaTEM-121_1_AY307374	98.722	861	11	0	5362444	776620	777480	861	861	1	0.0	1530
NODE-all	blaTEM-113_1_AY589494	98.722	861	11	0	5362444	776620	777480	861	861	1	0.0	1530
NODE-all	blaTEM-102_1_AY040093	98.722	861	11	0	5362444	776620	777480	861	861	1	0.0	1530
NODE-all	blaTEM-101_1_AF495873	98.722	861	11	0	5362444	776620	777480	861	861	1	0.0	1530
NODE-all	blaTEM-94_1_AJ318094	98.722	861	11	0	5362444	776620	777480	861	861	1	0.0	1530
NODE-all	blaTEM-87_1_AF250872	98.722	861	11	0	5362444	776620	777480	861	861	1	0.0	1530
NODE-all	blaTEM-86_1_AJ277415	98.722	861	11	0	5362444	776620	777480	861	861	1	0.0	1530
NODE-all	blaTEM-49_1_Y10281	98.722	861	11	0	5362444	776620	777480	861	861	1	0.0	1530
NODE-all	blaTEM-22_1_Y17583	98.834	858	10	0	5362444	776623	777480	858	858	1	0.0	1530
NODE-all	blaTEM-21_1_Y17582	98.834	858	10	0	5362444	776623	777480	858	858	1	0.0	1530
NODE-all	aph(6)-Id_4_CP000971	99.880	831	1	0	5362444	4739158	4739988	831	831	1	0.0	1530
NODE-all	blaTEM-187_1_HM246246	98.833	857	10	0	5362444	776624	777480	858	857	1	0.0	1528
NODE-all	blaTEM-211_1_KF513179	98.606	861	12	0	5362444	776620	777480	861	861	1	0.0	1524
NODE-all	blaTEM-205_1_KC900516	98.718	858	11	0	5362444	776623	777480	858	858	1	0.0	1524
NODE-all	blaTEM-177_1_FN652295	98.606	861	12	0	5362444	776620	777480	861	861	1	0.0	1524
NODE-all	blaTEM-162_1_EF468463	98.606	861	12	0	5362444	776620	777480	861	861	1	0.0	1524
NODE-all	blaTEM-125_1_AY628176	98.490	861	13	0	5362444	776620	777480	861	861	1	0.0	1519
NODE-all	blaTEM-123_1_AY327539	98.490	861	10	1	5362444	776620	777480	858	858	1	0.0	1515
NODE-all	blaCTX-M-37_1_AY649755	97.829	875	19	0	5362444	2070912	2071786	876	1	875	0.0	1511
NODE-all	blaTEM-195_1_JN935137	98.258	861	15	0	5362444	776620	777480	861	861	1	0.0	1507
NODE-all	blaTEM-60_1_AF047171	98.142	861	16	0	5362444	776620	777480	861	861	1	0.0	1502
NODE-all	sul2_3_HQ840942	99.755	816	2	0	5362444	4740858	4741673	816	816	1	0.0	1496
NODE-all	blaCTX-M-10_1_AY598759	97.489	876	22	0	5362444	2070912	2071787	876	1	876	0.0	1496
NODE-all	sul2_21_AB366440	99.632	816	3	0	5362444	4740858	4741673	816	816	1	0.0	1491
NODE-all	sul2_6_FN995456	99.632	816	3	0	5362444	4740858	4741673	816	816	1	0.0	1491
NODE-all	blaCTX-M-34_1_AY515297	97.374	876	23	0	5362444	2070912	2071787	876	1	876	0.0	1491
NODE-all	blaCTX-M-53_1_DQ268764	97.371	875	23	0	5362444	2070912	2071786	876	1	875	0.0	1489
NODE-all	aph(3'')-Ib_5_AF321551	100.000	804	0	0	5362444	4739994	4740797	804	804	1	0.0	1485
NODE-all	sul2_2_AY034138	99.387	816	5	0	5362444	4740858	4741673	816	816	1	0.0	1480
NODE-all	blaTEM-193_1_JN935135	97.680	862	18	2	5362444	776620	777480	861	861	1	0.0	1480
NODE-all	sul2_9_FJ197818	99.387	815	5	0	5362444	4740859	4741673	852	815	1	0.0	1478
NODE-all	sul2_9_FJ197818	100.000	38	0	0	5362444	4740784	4740821	852	852	815	5.08e-09	71.3
NODE-all	aph(3'')-Ib_2_AF024602	99.875	803	1	0	5362444	4739994	4740796	804	804	2	0.0	1478
NODE-all	sul2_20_AJ830710	99.265	816	6	0	5362444	4740858	4741673	816	816	1	0.0	1474
NODE-all	sul2_19_AJ319822	99.265	816	6	0	5362444	4740858	4741673	816	816	1	0.0	1474
NODE-all	sul2_18_AJ830714	99.265	816	6	0	5362444	4740858	4741673	816	816	1	0.0	1474
NODE-all	sul2_17_U57647	99.265	816	6	0	5362444	4740858	4741673	816	816	1	0.0	1474
NODE-all	sul2_15_FJ968160	99.265	816	6	0	5362444	4740858	4741673	816	816	1	0.0	1474
NODE-all	sul2_12_AF497970	99.265	816	6	0	5362444	4740858	4741673	816	816	1	0.0	1474
NODE-all	sul2_11_AY232670	99.265	816	6	0	5362444	4740858	4741673	816	816	1	0.0	1474
NODE-all	aph(3'')-Ib_4_AF313472	99.751	804	2	0	5362444	4739994	4740797	804	804	1	0.0	1474
NODE-all	aph(3'')-Ib_3_AF321550	99.751	804	2	0	5362444	4739994	4740797	804	804	1	0.0	1474
NODE-all	aph(3'')-Ib_1_M28829	99.751	804	2	0	5362444	4739994	4740797	804	804	1	0.0	1474
NODE-all	sul2_8_AJ877041	99.264	815	6	0	5362444	4740859	4741673	852	815	1	0.0	1472
NODE-all	sul2_8_AJ877041	100.000	38	0	0	5362444	4740784	4740821	852	852	815	5.08e-09	71.3
NODE-all	sul2_7_HM486907	99.264	815	6	0	5362444	4740859	4741673	852	815	1	0.0	1472
NODE-all	sul2_7_HM486907	100.000	38	0	0	5362444	4740784	4740821	852	852	815	5.08e-09	71.3
NODE-all	sul2_13_AJ289135	99.142	816	7	0	5362444	4740858	4741673	816	816	1	0.0	1469
NODE-all	sul2_5_AY524415	99.142	816	7	0	5362444	4740858	4741673	816	816	1	0.0	1469
NODE-all	sul2_14_AJ514834	99.381	808	5	0	5362444	4740866	4741673	819	808	1	0.0	1465
NODE-all	sul2_10_AM183225	99.023	819	5	3	5362444	4740858	4741673	819	819	1	0.0	1465
NODE-all	sul2_1_AF542061	99.020	816	8	0	5362444	4740858	4741673	816	816	1	0.0	1463
NODE-all	blaCTX-M-68_1_EU177100	96.804	876	28	0	5362444	2070912	2071787	876	1	876	0.0	1463
NODE-all	blaTEM-194_1_JN935136	97.213	861	24	0	5362444	776620	777480	861	861	1	0.0	1458
NODE-all	blaTEM-178_1_X97254	97.216	862	19	3	5362444	776620	777480	858	858	1	0.0	1454
NODE-all	sul1_5_EU780013	99.873	788	1	0	5362444	4679153	4679940	867	788	1	0.0	1450
NODE-all	sul1_36_X15024	100.000	761	0	0	5362444	4679153	4679913	840	761	1	0.0	1406
NODE-all	sul1_39_AY522923	100.000	761	0	0	5362444	4679153	4679913	828	761	1	0.0	1406
NODE-all	sul1_22_AY115475	100.000	761	0	0	5362444	4679153	4679913	840	761	1	0.0	1406
NODE-all	sul1_11_DQ914960	100.000	761	0	0	5362444	4679153	4679913	882	761	1	0.0	1406
NODE-all	sul1_2_U12338	100.000	761	0	0	5362444	4679153	4679913	840	761	1	0.0	1406
NODE-all	sul1_38_BX248359	99.869	762	1	0	5362444	4679153	4679914	852	773	12	0.0	1402
NODE-all	sul1_9_AY963803	99.869	762	1	0	5362444	4679153	4679914	852	773	12	0.0	1402
NODE-all	sul1_33_AJ564903	99.869	761	1	0	5362444	4679153	4679913	840	761	1	0.0	1400
NODE-all	sul1_31_AM040449	99.869	761	1	0	5362444	4679153	4679913	840	761	1	0.0	1400
NODE-all	sul1_30_JF262178	99.869	761	1	0	5362444	4679153	4679913	840	761	1	0.0	1400
NODE-all	sul1_29_AJ746361	99.869	761	1	0	5362444	4679153	4679913	840	761	1	0.0	1400
NODE-all	sul1_27_GU562437	99.869	761	1	0	5362444	4679153	4679913	840	761	1	0.0	1400
NODE-all	sul1_26_AY524415	99.869	761	1	0	5362444	4679153	4679913	840	761	1	0.0	1400
NODE-all	sul1_25_AY878717	99.869	761	1	0	5362444	4679153	4679913	840	761	1	0.0	1400
NODE-all	sul1_24_EU117158	99.869	761	1	0	5362444	4679153	4679913	840	761	1	0.0	1400
NODE-all	sul1_20_JF262165	99.869	761	1	0	5362444	4679153	4679913	840	761	1	0.0	1400
NODE-all	sul1_19_DQ125241	99.869	761	1	0	5362444	4679153	4679913	840	761	1	0.0	1400
NODE-all	sul1_18_AY260546	99.869	761	1	0	5362444	4679153	4679913	840	761	1	0.0	1400
NODE-all	sul1_17_AM746675	99.869	761	1	0	5362444	4679153	4679913	840	761	1	0.0	1400
NODE-all	sul1_15_EF667294	99.869	761	1	0	5362444	4679153	4679913	840	761	1	0.0	1400
NODE-all	sul1_8_JN581942	100.000	758	0	0	5362444	4679153	4679910	837	758	1	0.0	1400
NODE-all	sul1_3_EU855787	99.869	761	1	0	5362444	4679153	4679913	840	761	1	0.0	1400
NODE-all	sul1_28_JN790946	99.737	761	2	0	5362444	4679153	4679913	840	761	1	0.0	1395
NODE-all	sul1_21_AJ971344	99.737	761	2	0	5362444	4679153	4679913	840	761	1	0.0	1395
NODE-all	sul1_7_FJ715937	99.737	761	2	0	5362444	4679153	4679913	840	761	1	0.0	1395
NODE-all	sul1_35_AB281182	99.606	762	3	0	5362444	4679153	4679914	852	773	12	0.0	1391
NODE-all	sul1_32_EF592571	99.606	761	3	0	5362444	4679153	4679913	840	761	1	0.0	1389
NODE-all	sul1_23_AJ621187	99.606	761	3	0	5362444	4679153	4679913	840	761	1	0.0	1389
NODE-all	sul1_34_AY047357	99.475	762	4	0	5362444	4679153	4679914	852	773	12	0.0	1386
NODE-all	sul1_10_DQ143913	99.867	752	1	0	5362444	4679153	4679904	831	752	1	0.0	1384
NODE-all	sul1_37_AF188331	99.343	761	5	0	5362444	4679153	4679913	840	761	1	0.0	1378
NODE-all	sul1_14_AJ517791	99.080	761	7	0	5362444	4679153	4679913	840	761	1	0.0	1367
NODE-all	blaCTX-M-132_1_JX313020	93.166	878	56	3	5362444	2070912	2071787	876	1	876	0.0	1286
NODE-all	blaCTX-M-123_1_JN790864	90.319	878	81	3	5362444	2070912	2071787	876	1	876	0.0	1147
NODE-all	dfrA7_5_AJ419170	98.955	574	2	4	5362444	4680384	4680957	570	570	1	0.0	1024
NODE-all	blaCTX-M-64_1_AB284167	87.144	879	107	5	5362444	2070912	2071787	876	1	876	0.0	992
NODE-all	blaCTX-M-199_1_KY786032	86.917	879	109	5	5362444	2070912	2071787	876	1	876	0.0	981
NODE-all	dfrA7_1_AB161450	100.000	474	0	0	5362444	4680484	4680957	474	474	1	0.0	876
NODE-all	dfrA7_3_EU339235	99.789	474	1	0	5362444	4680484	4680957	474	474	1	0.0	870
NODE-all	dfrA7_4_FN563072	99.578	474	2	0	5362444	4680484	4680957	474	474	1	0.0	865
NODE-all	dfrA7_2_AJ884724	97.468	474	12	0	5362444	4680484	4680957	474	474	1	0.0	809
NODE-all	blaCTX-M-137_1_KF790923	86.053	717	94	5	5362444	2071074	2071787	876	163	876	0.0	765
NODE-all	dfrA17_1_FJ460238	91.139	474	42	0	5362444	4680484	4680957	474	474	1	0.0	643
NODE-all	dfrA17_10_AM937244	90.928	474	43	0	5362444	4680484	4680957	474	474	1	1.11e-179	638
NODE-all	dfrA17_9_FJ807902	90.928	474	43	0	5362444	4680484	4680957	474	474	1	1.11e-179	638
NODE-all	dfrA17_8_AM932673	90.928	474	43	0	5362444	4680484	4680957	474	474	1	1.11e-179	638
NODE-all	dfrA17_7_AB196349	90.928	474	43	0	5362444	4680484	4680957	474	474	1	1.11e-179	638
NODE-all	dfrA17_6_AF180469	90.928	474	43	0	5362444	4680484	4680957	474	474	1	1.11e-179	638
NODE-all	dfrA17_4_JQ837988	90.928	474	43	0	5362444	4680484	4680957	474	474	1	1.11e-179	638
NODE-all	dfrA17_2_JN645879	90.928	474	43	0	5362444	4680484	4680957	474	474	1	1.11e-179	638
NODE-all	dfrA17_11_JN645876	90.928	474	43	0	5362444	4680484	4680957	474	474	1	1.11e-179	638
NODE-all	dfrA17_5_GU358475	90.717	474	44	0	5362444	4680484	4680957	474	474	1	5.17e-178	632
NODE-all	dfrA17_3_JQ414038	90.717	474	44	0	5362444	4680484	4680957	474	474	1	5.17e-178	632
NODE-all	dfrA32_1_GU067642	88.608	474	54	0	5362444	4680484	4680957	474	474	1	2.46e-161	577
NODE-all	blaOXY-6-3_3_AJ871876	75.097	775	177	13	5362444	2071011	2071777	876	100	866	2.10e-92	348
NODE-all	blaOXY-6-2_2_AJ871875	75.097	775	177	13	5362444	2071011	2071777	873	97	863	2.10e-92	348
NODE-all	blaOXY-6-1_1_AJ871873	75.097	775	177	13	5362444	2071011	2071777	876	100	866	2.10e-92	348
NODE-all	blaOXY-6-4_4_AJ871877	75.335	746	168	13	5362444	2071040	2071777	876	129	866	2.71e-91	344
NODE-all	blaOXY-1-5_5_AY077486	75.477	734	162	15	5362444	2071053	2071777	870	142	866	9.76e-91	342
NODE-all	blaOXY-1-4_4_AY077483	75.477	734	162	15	5362444	2071053	2071777	873	139	863	9.76e-91	342
NODE-all	blaOXY-1-3_3_AY077482	75.477	734	162	15	5362444	2071053	2071777	876	142	866	9.76e-91	342
NODE-all	blaOXY-1-2_2_AJ871864	75.477	734	162	15	5362444	2071053	2071777	876	142	866	9.76e-91	342
NODE-all	blaOXY-1-1_1_Z30177	75.341	734	163	15	5362444	2071053	2071777	876	142	866	4.54e-89	337
NODE-all	blaOXY-5-2_2_AJ871871	74.761	733	169	13	5362444	2071053	2071777	873	139	863	2.13e-82	315
NODE-all	blaOXY-4-1_1_AY077481	74.692	731	173	11	5362444	2071053	2071777	873	139	863	2.13e-82	315
NODE-all	blaOXY-2-2_2_AJ871867	74.453	685	159	16	5362444	2071041	2071717	873	127	803	2.16e-72	281
NODE-all	blaOXY-2-9_9_FJ785625	74.307	685	160	16	5362444	2071041	2071717	870	124	800	1.00e-70	276
NODE-all	blaOXY-2-8_8_AY055205	74.307	685	160	16	5362444	2071041	2071717	873	127	803	1.00e-70	276
NODE-all	blaOXY-2-3_3_AY077488	74.307	685	160	16	5362444	2071041	2071717	870	124	800	1.00e-70	276
NODE-all	ant(3'')-Ia_1_X02340	95.977	174	0	3	5362444	4680976	4681142	972	174	1	1.00e-70	276
NODE-all	blaMIR-2_1_AY227752	72.023	1033	251	31	5362444	2260376	2261389	1146	133	1146	1.30e-69	272
NODE-all	blaOXY-2-7_7_Z49084	74.161	685	161	16	5362444	2071041	2071717	873	127	803	4.67e-69	270
NODE-all	blaOXY-2-6_6_AY077485	74.161	685	161	16	5362444	2071041	2071717	873	127	803	4.67e-69	270
NODE-all	blaOXY-2-5_5_AY077487	74.161	685	161	16	5362444	2071041	2071717	870	124	800	4.67e-69	270
NODE-all	blaOXY-2-4_4_Y17714	74.161	685	161	16	5362444	2071041	2071717	870	124	800	4.67e-69	270
NODE-all	blaOXY-2-1_1_AJ871866	74.161	685	161	16	5362444	2071041	2071717	873	127	803	4.67e-69	270
NODE-all	blaMIR-6_1_JQ664733	72.273	981	234	32	5362444	2260376	2261337	1146	133	1094	4.67e-69	270
NODE-all	blaOXY-2-10_10_FJ785626	74.015	685	162	16	5362444	2071041	2071717	873	127	803	2.17e-67	265
NODE-all	blaMIR-5_1_FJ237367	72.171	981	235	32	5362444	2260376	2261337	1146	133	1094	2.17e-67	265
NODE-all	blaMIR-4_1_EF417572	72.086	978	241	27	5362444	2260376	2261337	1146	133	1094	2.17e-67	265
NODE-all	blaMIR-3_1_AY743435	72.086	978	241	27	5362444	2260376	2261337	1146	133	1094	2.17e-67	265
NODE-all	blaMIR-1_1_M37839	72.069	981	236	31	5362444	2260376	2261337	1146	133	1094	1.01e-65	259
NODE-all	blaZEG-1_1_AY265891	71.859	963	227	38	5362444	2260376	2261316	1013	73	1013	4.74e-59	237
NODE-all	aac(3)-Ib_1_L06157	100.000	58	0	0	5362444	4680975	4681032	531	58	1	3.88e-20	108
NODE-all	ARR-3_4_FM207631	100.000	57	0	0	5362444	4680976	4681032	543	57	1	1.39e-19	106
NODE-all	aac(3)-Ia_1_X15852	96.552	58	2	0	5362444	4680975	4681032	534	58	1	8.39e-17	97.1
NODE-all	oqxB_1_EU370913	87.500	72	7	2	5362444	4147084	4147154	3153	1263	1193	2.35e-12	82.4
# BLAST processed 1 queries
