2090 CA_A_481027_1_152* 76 6194
2233 CA_A_630723_1_211* 75 7052
1501 CA_A_118781_1_917* 62 4191
2366 CA_A_665590_1_525* 62 7728
1630 CA_A_875027_2_724* 57 4631
2079 CA_A_173449_1_147* 50 6071
2190 CA_A_245595_1_263* 50 6739
91 CA_A_860180_2_78* 45 457
2129 CA_A_369582_1_414* 44 6438
1389 CA_A_965536_1_583* 41 3701
132 CA_A_585889_1_296* 40 633
2284 CA_A_180853_1_673* 37 7284
2381 CA_A_904837_1_767* 36 7805
2015 CA_A_751414_1_129* 33 5762
2053 CA_A_382376_1_308* 33 5888
2301 CA_A_902714_1_594* 33 7375
350 CA_A_204135_3_78* 33 1191
1456 CA_A_124198_1_172* 31 3955
1641 CA_A_1048311_1_992* 31 4681
2077 CA_A_904236_2_519* 30 6020
2222 CA_A_104482_1_151* 30 6958
1255 CA_A_1029610_1_865* 29 3128
2166 CA_A_445198_1_470* 29 6619
2120 CA_A_242470_1_30* 28 6379
1333 CA_A_211378_4_642* 27 3445
2210 CA_A_898539_5_746* 27 6854
2259 CA_A_927336_1_89* 27 7137
1785 CA_A_249987_1_150* 26 5195
2114 CA_A_890646_5_626* 26 6304
54 CA_A_701800_2_478* 26 248
1725 CA_A_12215_4_781* 25 4977
1746 CA_A_732994_1_288* 25 5064
2029 CA_A_184031_3_350* 25 5816
2103 CA_A_140483_1_66* 25 6257
2118 CA_A_638082_7_566* 25 6350
6 CA_A_64461_1_529* 25 30
1320 CA_A_984003_1_943* 24 3389
1422 CA_A_538506_1_81* 24 3832
2373 CA_A_471022_1_378* 24 7760
1452 CA_A_19421_4_89* 23 3920
1493 CA_A_959713_2_388* 23 4097
1540 CA_A_727869_1_521* 23 4304
2150 CA_A_352141_1_227* 23 6550
2176 CA_A_148446_2_743* 23 6658
2389 CA_A_428229_1_170* 23 7835
42 CA_A_317913_2_763* 23 197
1351 CA_A_886696_4_62* 22 3508
1381 CA_A_378491_2_925* 22 3647
2211 CA_A_219557_1_934* 22 6876
2218 CA_A_897309_2_279* 22 6925
2295 CA_A_924344_1_781* 22 7336
2355 CA_A_688866_5_645* 22 7638
1303 CA_A_405779_1_269* 21 3327
140 CA_A_771029_8_77* 21 664
1601 CA_A_43689_2_380* 21 4507
1651 CA_A_933442_8_948* 21 4728
2143 CA_A_421664_3_652* 21 6513
2308 CA_A_184054_1_966* 21 7410
2392 CA_A_920659_6_226* 21 7858
311 CA_A_861586_1_559* 21 1046
34 CA_A_771220_3_226* 21 155
1533 CA_A_784368_4_564* 20 4273
1707 CA_A_986765_7_140* 20 4913
2410 CA_A_146008_1_705* 20 7966
85 CA_A_211404_1_235* 20 407
1270 CA_A_934679_1_961* 19 3204
1364 CA_A_1029459_2_557* 19 3585
2062 CA_A_631300_2_482* 19 5940
2064 CA_A_426094_2_148* 19 5962
2261 CA_A_368050_1_587* 19 7157
67 CA_A_707896_3_636* 19 314
7 CA_A_317223_5_471* 19 49
1261 CA_A_725397_5_786* 18 3156
1290 CA_A_1054293_1_247* 18 3278
1616 CA_A_954656_4_517* 18 4553
1675 CA_A_942548_8_90* 18 4808
1764 CA_A_266527_3_127* 18 5111
2321 CA_A_432108_4_697* 18 7471
2347 CA_A_442639_1_297* 18 7584
2400 CA_A_650368_2_323* 18 7915
387 CA_A_846776_2_417* 18 1309
691 CA_A_14217_2_66* 18 1991
110 CA_A_580439_3_598* 17 547
1249 CA_A_735224_7_530* 17 3092
1368 CA_A_714373_2_372* 17 3607
146 CA_A_57064_2_101* 17 705
1553 CA_A_537842_2_6* 17 4343
1647 CA_A_1035825_1_406* 17 4703
1665 CA_A_886795_5_912* 17 4780
1793 CA_A_251799_7_159* 17 5221
2136 CA_A_160932_1_772* 17 6461
2214 CA_A_637085_3_813* 17 6899
2289 CA_A_915259_1_721* 17 7309
2338 CA_A_421414_2_494* 17 7529
2401 CA_A_436824_1_237* 17 7932
290 CA_A_289683_1_5* 17 978
357 CA_A_804285_1_916* 17 1224
407 CA_A_275543_5_210* 17 1373
83 CA_A_294828_6_36* 17 386
116 CA_A_582160_2_41* 16 570
1239 CA_A_515315_4_647* 16 3049
1472 CA_A_862245_2_484* 16 4007
1570 CA_A_556398_4_788* 16 4396
1739 CA_A_994532_3_108* 16 5018
2139 CA_A_353160_4_980* 16 6481
2154 CA_A_910364_2_406* 16 6569
2200 CA_A_746407_1_415* 16 6794
2242 CA_A_758540_4_310* 16 7083
2342 CA_A_429560_2_847* 16 7559
679 CA_A_529552_6_850* 16 1947
99 CA_A_782246_4_963* 16 497
107 CA_A_792953_2_781* 15 524
1271 CA_A_938339_1_562* 15 3219
1287 CA_A_710887_6_757* 15 3258
1566 CA_A_971166_2_448* 15 4373
157 CA_A_549572_4_382* 15 759
1841 CA_A_263319_4_391* 15 5338
1849 CA_A_249806_1_496* 15 5378
2085 CA_A_165576_2_65* 15 6108
2100 CA_A_152405_3_382* 15 6225
2197 CA_A_155064_6_849* 15 6776
2206 CA_A_910011_1_774* 15 6814
2275 CA_A_678040_3_615* 15 7231
2396 CA_A_639885_1_158* 15 7886
330 CA_A_215350_1_468* 15 1115
81 CA_A_817208_2_276* 15 368
1263 CA_A_24854_6_292* 14 3171
1298 CA_A_544904_6_864* 14 3302
1406 CA_A_931632_6_60* 14 3748
144 CA_A_550703_2_878* 14 686
1519 CA_A_112670_2_602* 14 4230
1682 CA_A_417427_2_780* 14 4838
1813 CA_A_256292_3_752* 14 5265
1966 CA_A_385035_4_662* 14 5620
2270 CA_A_925334_4_729* 14 7193
96 CA_A_703993_1_207* 14 475
152 CA_A_288915_2_449* 13 724
1721 CA_A_793389_5_90* 13 4948
19 CA_A_770937_1_549* 13 105
2058 CA_A_174536_5_712* 13 5913
2414 CA_A_767380_1_895* 13 7998
377 CA_A_315305_6_50* 13 1270
38 CA_A_558141_7_224* 13 171
58 CA_A_311207_3_621* 13 274
611 CA_A_723229_8_95* 13 1733
987 CA_A_856127_3_462* 13 2562
10 CA_A_834972_5_584* 12 67
1022 CA_A_461396_1_657* 12 2635
1047 CA_A_106676_7_679* 12 2702
1059 CA_A_92701_6_687* 12 2745
1345 CA_A_993167_8_185* 12 3471
1410 CA_A_944816_2_261* 12 3766
1414 CA_A_557888_6_871* 12 3789
1433 CA_A_13906_5_187* 12 3855
1496 CA_A_1040480_1_233* 12 4112
1590 CA_A_518715_4_128* 12 4465
1599 CA_A_955323_2_95* 12 4485
1736 CA_A_957923_5_562* 12 5000
1767 CA_A_77945_2_288* 12 5126
1851 CA_A_265047_6_241* 12 5391
2339 CA_A_675390_4_653* 12 7541
319 CA_A_280786_4_638* 12 1071
619 CA_A_336723_7_568* 12 1761
631 CA_A_591590_5_568* 12 1806
752 CA_A_832871_1_884* 12 2105
80 CA_A_837348_1_252* 12 353
959 CA_A_605390_3_266* 12 2479
1245 CA_A_26138_1_727* 11 3071
1312 CA_A_130198_4_812* 11 3354
1357 CA_A_575655_8_389* 11 3537
1362 CA_A_938976_4_563* 11 3565
1480 CA_A_1049937_1_240* 11 4036
1482 CA_A_956860_4_291* 11 4048
1577 CA_A_937070_6_353* 11 4424
1582 CA_A_124093_1_631* 11 4443
17 CA_A_694879_2_358* 11 91
1742 CA_A_405398_4_909* 11 5036
1974 CA_A_373601_2_53* 11 5650
2023 CA_A_162974_6_510* 11 5785
2115 CA_A_440152_1_809* 11 6315
2208 CA_A_904075_2_286* 11 6826
2271 CA_A_640770_5_264* 11 7204
2313 CA_A_232780_5_348* 11 7425
2327 CA_A_161909_8_706* 11 7489
2354 CA_A_893879_4_182* 11 7616
2394 CA_A_235066_1_835* 11 7870
399 CA_A_615717_3_799* 11 1331
57 CA_A_58488_1_176* 11 261
667 CA_A_334483_2_890* 11 1899
974 CA_A_278512_5_97* 11 2521
1024 CA_A_575089_4_922* 10 2646
1355 CA_A_935727_2_21* 10 3521
1469 CA_A_412019_3_931* 10 3989
1478 CA_A_125025_3_767* 10 4024
1483 CA_A_1050652_6_730* 10 4058
1497 CA_A_407020_4_157* 10 4122
1576 CA_A_876774_4_514* 10 4413
1688 CA_A_931400_1_495* 10 4855
1829 CA_A_256481_2_22* 10 5298
1960 CA_A_975722_1_996* 10 5595
1977 CA_A_201101_2_672* 10 5662
2073 CA_A_664090_7_880* 10 5987
2263 CA_A_426187_3_712* 10 7168
2315 CA_A_234210_5_355* 10 7436
2330 CA_A_655991_2_902* 10 7501
2358 CA_A_430971_1_343* 10 7650
2412 CA_A_739089_1_2* 10 7977
305 CA_A_449053_6_614* 10 1013
343 CA_A_506390_4_407* 10 1150
437 CA_A_63932_8_975* 10 1420
608 CA_A_723534_7_403* 10 1717
621 CA_A_714301_5_892* 10 1776
633 CA_A_341662_3_875* 10 1822
669 CA_A_14255_7_722* 10 1911
708 CA_A_998221_1_205* 10 2030
1014 CA_A_495306_1_512* 9 2608
1049 CA_A_443146_4_937* 9 2712
1305 CA_A_601230_1_70* 9 3337
1413 CA_A_533819_6_910* 9 3777
1417 CA_A_138274_6_263* 9 3801
153 CA_A_695427_4_321* 9 733
1604 CA_A_1027623_3_362* 9 4519
1656 CA_A_400821_8_655* 9 4750
1693 CA_A_525121_8_753* 9 4872
1819 CA_A_268722_8_903* 9 5279
1853 CA_A_271697_2_495* 9 5408
1973 CA_A_473537_8_771* 9 5639
2057 CA_A_227151_1_16* 9 5900
2116 CA_A_680954_4_194* 9 6324
22 CA_A_852234_2_71* 9 116
2353 CA_A_198736_2_33* 9 7605
2398 CA_A_242653_5_535* 9 7896
324 CA_A_775952_7_152* 9 1085
335 CA_A_702960_3_576* 9 1129
354 CA_A_794989_7_632* 9 1204
580 CA_A_703839_1_786* 9 1648
65 CA_A_838335_8_13* 9 294
852 CA_A_1016862_7_860* 9 2297
884 CA_A_509664_1_812* 9 2374
1027 CA_A_461635_2_928* 8 2661
1222 CA_A_389405_4_83* 8 3011
1327 CA_A_18617_2_359* 8 3408
1348 CA_A_979587_1_18* 8 3484
1360 CA_A_415465_3_412* 8 3553
14 CA_A_562614_5_720* 8 78
1443 CA_A_712305_7_276* 8 3887
1520 CA_A_517192_3_376* 8 4238
154 CA_A_826764_2_516* 8 741
1550 CA_A_541378_2_352* 8 4323
1720 CA_A_889900_2_738* 8 4935
1852 CA_A_256512_2_195* 8 5399
1905 CA_A_989843_3_41* 8 5496
2067 CA_A_349912_6_364* 8 5972
2140 CA_A_388979_5_873* 8 6489
2179 CA_A_669369_1_412* 8 6673
2195 CA_A_170867_7_788* 8 6757
2236 CA_A_195044_2_785* 8 7062
2320 CA_A_643422_5_550* 8 7453
2413 CA_A_755791_1_309* 8 7985
473 CA_A_457089_4_831* 8 1488
570 CA_A_489221_4_47* 8 1612
688 CA_A_612825_3_912* 8 1967
697 CA_A_698485_5_306* 8 2007
833 CA_A_800807_5_962* 8 2255
1050 CA_A_98932_2_129* 7 2719
1241 CA_A_536530_1_367* 7 3057
1268 CA_A_940862_4_969* 7 3184
1359 CA_A_29711_2_253* 7 3545
1628 CA_A_402389_3_345* 7 4573
1706 CA_A_941249_1_216* 7 4893
1778 CA_A_246858_7_731* 7 5144
1781 CA_A_247310_8_889* 7 5156
1782 CA_A_86085_4_198* 7 5163
1803 CA_A_258481_3_120* 7 5238
1838 CA_A_251418_1_609* 7 5318
1848 CA_A_250446_8_949* 7 5363
1948 CA_A_190270_5_87* 7 5562
1951 CA_A_685551_4_374* 7 5572
1963 CA_A_434082_3_140* 7 5604
2081 CA_A_200632_2_206* 7 6081
2083 CA_A_740621_1_874* 7 6089
2094 CA_A_759700_5_235* 7 6205
2106 CA_A_200655_3_943* 7 6268
2272 CA_A_651567_4_978* 7 7211
2281 CA_A_218269_2_47* 7 7244
327 CA_A_731066_2_958* 7 1094
386 CA_A_560590_2_659* 7 1291
421 CA_A_690721_6_224* 7 1393
48 CA_A_50498_3_478* 7 216
572 CA_A_493425_5_438* 7 1621
579 CA_A_332494_5_545* 7 1639
605 CA_A_593147_4_530* 7 1702
612 CA_A_603679_8_523* 7 1740
640 CA_A_1017052_1_971* 7 1837
676 CA_A_115663_4_858* 7 1929
79 CA_A_807368_7_932* 7 341
863 CA_A_507619_3_256* 7 2327
962 CA_A_509099_8_393* 7 2488
1026 CA_A_459804_6_388* 6 2653
104 CA_A_810511_7_992* 6 507
1109 CA_A_532170_5_120* 6 2826
1119 CA_A_710938_4_621* 6 2848
1186 CA_A_105452_1_98* 6 2948
1218 CA_A_973647_2_914* 6 2999
1275 CA_A_417760_7_398* 6 3229
1436 CA_A_529373_3_616* 6 3863
1438 CA_A_139369_2_510* 6 3874
1458 CA_A_959478_3_832* 6 3965
1502 CA_A_385718_1_315* 6 4197
1653 CA_A_782071_8_490* 6 4739
1661 CA_A_882976_3_769* 6 4760
1741 CA_A_885146_8_507* 6 5025
1842 CA_A_69433_2_221* 6 5344
1943 CA_A_196022_6_72* 6 5548
1985 CA_A_437778_6_28* 6 5682
2018 CA_A_164655_3_163* 6 5770
2036 CA_A_745059_6_33* 6 5832
2059 CA_A_191500_1_853* 6 5919
2101 CA_A_154296_6_217* 6 6231
2145 CA_A_752542_5_288* 6 6520
2167 CA_A_742989_6_665* 6 6625
2178 CA_A_178072_2_711* 6 6665
2181 CA_A_142658_7_940* 6 6680
2232 CA_A_669508_3_435* 6 6977
2317 CA_A_148011_2_51* 6 7443
243 CA_A_555813_8_82* 6 902
366 CA_A_341028_3_822* 6 1240
372 CA_A_294448_3_208* 6 1252
400 CA_A_330175_6_523* 6 1337
402 CA_A_294768_5_690* 6 1344
44 CA_A_775464_2_880* 6 206
454 CA_A_805051_3_480* 6 1450
465 CA_A_507629_7_641* 6 1468
632 CA_A_1012629_2_889* 6 1812
642 CA_A_282596_5_563* 6 1848
664 CA_A_113968_8_205* 6 1885
718 CA_A_1004480_7_906* 6 2048
779 CA_A_339256_1_912* 6 2147
782 CA_A_320245_4_726* 6 2155
784 CA_A_326999_1_266* 6 2162
811 CA_A_1014970_5_145* 6 2218
851 CA_A_322077_4_440* 6 2288
878 CA_A_493266_3_302* 6 2360
965 CA_A_594567_2_281* 6 2497
984 CA_A_851024_5_598* 6 2547
1019 CA_A_462622_8_764* 5 2621
1046 CA_A_374383_3_38* 5 2690
109 CA_A_815516_1_351* 5 530
1105 CA_A_116121_2_549* 5 2813
1108 CA_A_321253_8_885* 5 2820
1114 CA_A_57618_8_336* 5 2835
1121 CA_A_557529_4_562* 5 2854
1129 CA_A_600192_6_906* 5 2872
1182 CA_A_113698_1_391* 5 2939
1324 CA_A_413274_4_796* 5 3398
1356 CA_A_38888_7_630* 5 3526
1372 CA_A_366799_8_228* 5 3617
1388 CA_A_406829_3_465* 5 3660
1391 CA_A_102484_4_964* 5 3709
1402 CA_A_41359_4_915* 5 3731
1437 CA_A_518685_8_400* 5 3868
1500 CA_A_1038905_3_715* 5 4129
1567 CA_A_527350_7_828* 5 4378
1579 CA_A_539388_4_894* 5 4430
1615 CA_A_1039175_7_994* 5 4535
1635 CA_A_216910_4_10* 5 4643
1652 CA_A_1022702_3_881* 5 4733
1680 CA_A_392389_7_843* 5 4823
1689 CA_A_876683_2_957* 5 4860
1754 CA_A_74721_8_463* 5 5079
1783 CA_A_252024_2_594* 5 5168
182 CA_A_819104_5_457* 5 802
1846 CA_A_262780_1_623* 5 5355
187 CA_A_847926_4_267* 5 811
1899 CA_A_112311_3_354* 5 5483
1983 CA_A_387489_5_933* 5 5675
1993 CA_A_481428_6_695* 5 5699
2012 CA_A_418281_7_631* 5 5725
2087 CA_A_109402_8_25* 5 6114
2158 CA_A_372447_1_993* 5 6577
2191 CA_A_757951_6_333* 5 6744
2212 CA_A_421185_6_653* 5 6881
224 CA_A_211219_4_356* 5 869
230 CA_A_47778_2_959* 5 881
2302 CA_A_741663_8_455* 5 7380
2337 CA_A_741090_1_641* 5 7512
2350 CA_A_152285_7_601* 5 7593
2361 CA_A_359008_2_159* 5 7657
2365 CA_A_658248_6_602* 5 7666
29 CA_A_836578_8_705* 5 130
294 CA_A_320988_7_787* 5 987
308 CA_A_830948_4_193* 5 1020
312 CA_A_627714_5_942* 5 1051
329 CA_A_499531_3_475* 5 1100
341 CA_A_330038_6_410* 5 1139
384 CA_A_842005_1_372* 5 1282
404 CA_A_291200_1_238* 5 1350
405 CA_A_822476_1_298* 5 1355
440 CA_A_716970_5_320* 5 1427
574 CA_A_330047_2_537* 5 1627
620 CA_A_729270_1_461* 5 1766
629 CA_A_783840_2_135* 5 1793
63 CA_A_795065_8_384* 5 284
641 CA_A_297149_3_727* 5 1842
689 CA_A_25979_3_863* 5 1972
69 CA_A_53426_2_673* 5 321
72 CA_A_708452_6_411* 5 328
727 CA_A_838646_5_817* 5 2065
759 CA_A_844064_3_508* 5 2119
789 CA_A_320377_7_907* 5 2177
803 CA_A_1033015_7_927* 5 2204
858 CA_A_506509_2_963* 5 2311
860 CA_A_503818_3_542* 5 2317
867 CA_A_507441_4_986* 5 2335
870 CA_A_501013_8_792* 5 2345
976 CA_A_334597_4_853* 5 2529
977 CA_A_274584_4_345* 5 2534
1017 CA_A_575391_1_688* 4 2615
1051 CA_A_980224_3_500* 4 2723
1054 CA_A_980676_7_486* 4 2729
1075 CA_A_14591_1_314* 4 2766
1083 CA_A_77231_5_349* 4 2777
1090 CA_A_795365_3_533* 4 2791
1125 CA_A_601778_1_709* 4 2862
1193 CA_A_869561_1_393* 4 2962
1223 CA_A_385359_2_579* 4 3015
123 CA_A_49654_1_169* 4 583
1257 CA_A_1052745_1_74* 4 3133
133 CA_A_212839_8_801* 4 637
1343 CA_A_3324_3_849* 4 3458
1346 CA_A_542268_5_706* 4 3475
1409 CA_A_541692_2_991* 4 3754
143 CA_A_699164_8_713* 4 672
1457 CA_A_411473_3_871* 4 3959
1486 CA_A_565564_6_705* 4 4064
1490 CA_A_375366_2_978* 4 4071
1529 CA_A_413995_4_630* 4 4250
1585 CA_A_979449_5_636* 4 4449
1633 CA_A_18560_2_299* 4 4637
165 CA_A_837989_8_931* 4 773
1678 CA_A_958270_4_870* 4 4814
1679 CA_A_414553_2_434* 4 4818
174 CA_A_703944_4_847* 4 788
1751 CA_A_78760_8_4* 4 5072
1757 CA_A_83434_2_348* 4 5085
1840 CA_A_252429_1_37* 4 5323
1843 CA_A_527285_4_75* 4 5348
1887 CA_A_338556_8_899* 4 5460
1891 CA_A_516969_4_760* 4 5468
1893 CA_A_78454_8_756* 4 5473
1941 CA_A_328641_1_326* 4 5541
1944 CA_A_484280_6_529* 4 5552
1958 CA_A_986285_7_659* 4 5583
1969 CA_A_988147_5_929* 4 5626
1978 CA_A_484585_6_469* 4 5666
1988 CA_A_185683_1_447* 4 5688
201 CA_A_803341_2_209* 4 833
207 CA_A_559301_8_608* 4 842
2084 CA_A_164516_6_803* 4 6093
2110 CA_A_685220_8_992* 4 6275
2147 CA_A_667964_3_375* 4 6525
2196 CA_A_766438_7_32* 4 6761
2230 CA_A_374273_1_15* 4 6970
2265 CA_A_685863_6_104* 4 7173
2273 CA_A_768417_4_204* 4 7215
2286 CA_A_175002_1_380* 4 7289
2305 CA_A_178505_6_351* 4 7387
2408 CA_A_167467_3_569* 4 7945
28 CA_A_703892_2_651* 4 125
309 CA_A_549322_4_149* 4 1024
466 CA_A_627862_3_866* 4 1472
547 CA_A_11984_1_660* 4 1576
564 CA_A_339003_7_914* 4 1599
585 CA_A_602578_5_56* 4 1659
590 CA_A_14305_3_683* 4 1669
599 CA_A_597692_5_748* 4 1686
602 CA_A_719264_1_507* 4 1692
671 CA_A_119497_8_844* 4 1916
687 CA_A_620361_8_138* 4 1959
720 CA_A_998766_8_651* 4 2053
787 CA_A_802631_8_331* 4 2170
792 CA_A_336473_8_87* 4 2183
8 CA_A_573687_7_517* 4 53
830 CA_A_801230_2_36* 4 2245
841 CA_A_1010238_7_567* 4 2268
854 CA_A_784098_4_737* 4 2302
885 CA_A_496973_2_377* 4 2378
958 CA_A_493703_4_686* 4 2467
966 CA_A_511605_5_565* 4 2501
97 CA_A_58492_6_373* 4 479
990 CA_A_203883_6_891* 4 2569
996 CA_A_449024_1_417* 4 2578
998 CA_A_457798_6_854* 4 2583
1035 CA_A_386943_5_8* 3 2671
1061 CA_A_979878_6_42* 3 2749
1089 CA_A_44813_4_975* 3 2787
1115 CA_A_624313_1_31* 3 2838
113 CA_A_806401_2_615* 3 552
1134 CA_A_120517_7_114* 3 2879
1166 CA_A_56134_3_312* 3 2914
1167 CA_A_38902_3_125* 3 2917
1187 CA_A_73304_6_154* 3 2951
119 CA_A_857772_3_928* 3 576
1216 CA_A_109114_4_738* 3 2991
1232 CA_A_378063_4_768* 3 3026
1254 CA_A_1038129_3_369* 3 3099
1281 CA_A_28379_7_390* 3 3238
1295 CA_A_112817_3_294* 3 3286
1313 CA_A_407339_2_600* 3 3357
1316 CA_A_994190_3_394* 3 3362
1328 CA_A_100112_2_708* 3 3411
1329 CA_A_1053162_2_52* 3 3414
1365 CA_A_413112_6_300* 3 3588
1371 CA_A_932084_5_368* 3 3612
1382 CA_A_99945_1_324* 3 3650
1390 CA_A_553665_8_142* 3 3704
1392 CA_A_105811_8_85* 3 3712
1395 CA_A_881252_4_348* 3 3719
142 CA_A_804991_6_82* 3 668
1420 CA_A_121589_1_571* 3 3806
1467 CA_A_403038_1_149* 3 3978
1477 CA_A_305898_6_276* 3 4014
1508 CA_A_1023257_2_783* 3 4206
1536 CA_A_372579_4_249* 3 4278
1565 CA_A_949580_6_360* 3 4358
158 CA_A_283859_3_773* 3 762
1683 CA_A_8881_6_105* 3 4841
1709 CA_A_513099_7_182* 3 4917
173 CA_A_274344_2_435* 3 784
177 CA_A_777403_6_926* 3 793
1779 CA_A_86986_7_492* 3 5147
1787 CA_A_89618_7_552* 3 5199
1804 CA_A_266630_2_721* 3 5241
1830 CA_A_65841_7_478* 3 5301
1834 CA_A_66444_6_959* 3 5308
1861 CA_A_91440_5_995* 3 5419
1867 CA_A_75973_2_55* 3 5429
1869 CA_A_80223_7_605* 3 5433
1878 CA_A_89135_2_987* 3 5447
193 CA_A_817038_1_411* 3 820
1937 CA_A_996847_5_590* 3 5534
199 CA_A_847338_6_922* 3 828
1992 CA_A_478600_4_153* 3 5694
2008 CA_A_99288_6_754* 3 5717
2013 CA_A_222958_6_326* 3 5728
2032 CA_A_661921_5_677* 3 5822
2042 CA_A_93703_1_610* 3 5841
2047 CA_A_373948_4_362* 3 5848
2063 CA_A_239947_6_167* 3 5943
2080 CA_A_390451_1_601* 3 6074
2089 CA_A_193770_3_417* 3 6118
2104 CA_A_167957_8_999* 3 6260
211 CA_A_61288_3_891* 3 849
212 CA_A_62301_7_125* 3 852
2125 CA_A_376015_1_707* 3 6388
2127 CA_A_476046_8_658* 3 6392
2160 CA_A_366610_7_882* 3 6582
2164 CA_A_183194_3_809* 3 6589
2175 CA_A_244000_4_264* 3 6635
2193 CA_A_233379_4_197* 3 6748
2243 CA_A_385761_1_195* 3 7086
2255 CA_A_389834_3_737* 3 7103
2257 CA_A_745062_6_845* 3 7107
2258 CA_A_195337_3_357* 3 7110
226 CA_A_65390_3_372* 3 873
2267 CA_A_920175_4_203* 3 7177
2345 CA_A_427051_8_676* 3 7564
2348 CA_A_644882_4_53* 3 7587
2368 CA_A_23302_6_751* 3 7732
2378 CA_A_5499_5_872* 3 7767
2402 CA_A_111951_6_934* 3 7935
257 CA_A_782117_6_813* 3 921
263 CA_A_280281_1_517* 3 930
274 CA_A_596574_1_10* 3 944
295 CA_A_697532_4_381* 3 990
318 CA_A_616001_8_763* 3 1059
358 CA_A_509428_6_543* 3 1227
43 CA_A_546912_7_729* 3 200
451 CA_A_855713_7_967* 3 1442
468 CA_A_719456_6_358* 3 1476
538 CA_A_519113_6_264* 3 1563
583 CA_A_325341_2_590* 3 1654
587 CA_A_454496_2_635* 3 1663
591 CA_A_721062_7_170* 3 1672
595 CA_A_733038_6_312* 3 1679
607 CA_A_499427_7_867* 3 1707
625 CA_A_702051_4_960* 3 1783
626 CA_A_290411_3_953* 3 1786
638 CA_A_1004571_2_769* 3 1829
643 CA_A_803769_4_59* 3 1851
645 CA_A_627513_2_189* 3 1855
648 CA_A_515231_4_474* 3 1860
655 CA_A_540521_1_893* 3 1870
674 CA_A_614283_6_740* 3 1921
696 CA_A_14188_3_796* 3 1999
700 CA_A_1013769_3_754* 3 2012
717 CA_A_1010925_5_717* 3 2042
730 CA_A_290166_4_645* 3 2070
758 CA_A_837694_2_4* 3 2114
786 CA_A_822544_7_766* 3 2166
800 CA_A_1026965_2_264* 3 2194
802 CA_A_1025569_4_400* 3 2199
815 CA_A_331960_2_830* 3 2224
843 CA_A_1001723_3_401* 3 2272
844 CA_A_334036_1_386* 3 2275
868 CA_A_499314_2_843* 3 2338
873 CA_A_500654_2_437* 3 2350
910 CA_A_999811_7_560* 3 2410
956 CA_A_493303_1_625* 3 2462
975 CA_A_277599_3_886* 3 2524
1003 CA_A_327200_2_650* 2 2589
1015 CA_A_503326_1_459* 2 2610
1036 CA_A_104920_2_362* 2 2673
1037 CA_A_989623_3_161* 2 2675
1038 CA_A_371153_1_128* 2 2677
1042 CA_A_478685_1_671* 2 2682
1085 CA_A_885078_4_235* 2 2780
1087 CA_A_874061_4_168* 2 2783
1093 CA_A_5821_1_194* 2 2795
1094 CA_A_39897_2_546* 2 2797
1103 CA_A_991022_1_950* 2 2807
1116 CA_A_318700_2_936* 2 2840
1122 CA_A_314217_2_816* 2 2856
1127 CA_A_786307_4_218* 2 2865
1128 CA_A_207872_2_792* 2 2867
1135 CA_A_131739_3_368* 2 2881
117 CA_A_566092_2_606* 2 572
1172 CA_A_135028_2_849* 2 2923
1177 CA_A_133823_7_121* 2 2929
1181 CA_A_567162_3_877* 2 2934
1189 CA_A_868330_2_551* 2 2954
1192 CA_A_74030_2_634* 2 2958
1194 CA_A_974690_5_689* 2 2964
1195 CA_A_371586_1_647* 2 2966
1207 CA_A_878621_3_709* 2 2979
1209 CA_A_389415_4_549* 2 2982
1217 CA_A_93812_2_648* 2 2993
1219 CA_A_978313_1_131* 2 3001
1234 CA_A_983026_5_350* 2 3029
1248 CA_A_139973_3_142* 2 3075
1258 CA_A_12887_7_782* 2 3135
1260 CA_A_417059_3_66* 2 3138
1264 CA_A_887217_4_581* 2 3173
1265 CA_A_1029035_3_422* 2 3175
127 CA_A_305993_6_43* 2 588
1274 CA_A_391015_3_105* 2 3223
1277 CA_A_874281_5_785* 2 3232
1293 CA_A_603962_4_191* 2 3282
131 CA_A_55631_4_350* 2 593
1322 CA_A_406775_2_81* 2 3392
1332 CA_A_885885_5_446* 2 3418
1393 CA_A_626115_3_859* 2 3714
1394 CA_A_967643_4_185* 2 3716
1401 CA_A_558776_1_441* 2 3726
1416 CA_A_126017_3_940* 2 3792
1421 CA_A_525307_1_593* 2 3808
1429 CA_A_64348_5_914* 2 3840
1441 CA_A_951293_2_554* 2 3878
145 CA_A_852705_2_364* 2 688
1450 CA_A_129327_2_729* 2 3895
1451 CA_A_544047_1_953* 2 3897
1453 CA_A_590513_1_815* 2 3922
1459 CA_A_211255_5_161* 2 3967
1465 CA_A_315574_4_839* 2 3974
1491 CA_A_338571_5_951* 2 4073
1494 CA_A_863378_3_236* 2 4099
1504 CA_A_42336_3_704* 2 4200
151 CA_A_783324_1_962* 2 711
1545 CA_A_1045233_1_699* 2 4310
1548 CA_A_993547_3_913* 2 4314
1552 CA_A_388708_3_45* 2 4326
156 CA_A_295831_4_998* 2 744
1563 CA_A_118767_3_880* 2 4354
1572 CA_A_132715_4_406* 2 4399
1573 CA_A_886697_2_791* 2 4401
159 CA_A_317958_4_779* 2 764
1602 CA_A_987631_2_522* 2 4509
1611 CA_A_885869_1_1* 2 4527
1618 CA_A_718245_1_913* 2 4556
1621 CA_A_1049520_5_113* 2 4560
1636 CA_A_377821_3_963* 2 4645
1638 CA_A_878117_4_288* 2 4648
1649 CA_A_304286_2_982* 2 4706
1670 CA_A_570151_1_335* 2 4786
169 CA_A_556203_2_945* 2 778
1702 CA_A_126379_1_285* 2 4882
1703 CA_A_864895_2_544* 2 4884
1722 CA_A_448795_1_530* 2 4950
1727 CA_A_396840_3_977* 2 4980
1759 CA_A_87881_4_664* 2 5088
1760 CA_A_84619_2_641* 2 5090
1765 CA_A_73368_6_500* 2 5113
1768 CA_A_73668_2_920* 2 5128
1780 CA_A_267251_6_128* 2 5149
1795 CA_A_82414_3_213* 2 5224
1810 CA_A_85654_1_197* 2 5248
1811 CA_A_86374_4_85* 2 5250
1831 CA_A_90017_3_739* 2 5303
1854 CA_A_82570_1_310* 2 5410
1864 CA_A_85134_1_370* 2 5423
1866 CA_A_72718_4_131* 2 5426
1875 CA_A_83361_2_814* 2 5440
1876 CA_A_70622_3_379* 2 5442
1877 CA_A_84289_1_137* 2 5444
1883 CA_A_85992_1_949* 2 5453
1888 CA_A_82963_7_86* 2 5462
189 CA_A_61605_2_913* 2 814
1909 CA_A_994510_4_379* 2 5501
1928 CA_A_989654_6_49* 2 5521
1931 CA_A_347810_5_559* 2 5525
1936 CA_A_288579_1_810* 2 5531
1949 CA_A_95446_1_783* 2 5564
1956 CA_A_995247_2_935* 2 5578
1959 CA_A_763315_3_738* 2 5585
1971 CA_A_979217_4_997* 2 5629
1999 CA_A_105847_3_1* 2 5706
2024 CA_A_737585_1_62* 2 5787
2031 CA_A_644431_4_745* 2 5819
2034 CA_A_481120_1_558* 2 5825
2041 CA_A_101475_2_76* 2 5838
2051 CA_A_478574_2_709* 2 5853
2052 CA_A_925596_4_902* 2 5855
209 CA_A_64329_5_974* 2 845
2092 CA_A_909244_4_602* 2 6197
2123 CA_A_434764_5_276* 2 6383
2124 CA_A_923617_1_29* 2 6385
2128 CA_A_655524_2_443* 2 6394
2137 CA_A_909212_1_654* 2 6463
2138 CA_A_390547_1_428* 2 6465
2141 CA_A_678905_2_923* 2 6491
2159 CA_A_373663_4_189* 2 6579
2162 CA_A_164064_2_125* 2 6585
2188 CA_A_757671_3_505* 2 6688
2215 CA_A_184563_5_373* 2 6901
2226 CA_A_660876_5_218* 2 6963
223 CA_A_298739_5_284* 2 864
2244 CA_A_384481_3_617* 2 7088
2245 CA_A_639861_2_835* 2 7090
2253 CA_A_101925_7_160* 2 7099
2277 CA_A_149616_1_532* 2 7234
2282 CA_A_175218_5_772* 2 7246
2287 CA_A_94386_4_671* 2 7291
2297 CA_A_240158_6_859* 2 7339
2303 CA_A_158905_2_178* 2 7382
2323 CA_A_652980_2_37* 2 7474
2324 CA_A_744861_5_514* 2 7476
2346 CA_A_199254_1_168* 2 7566
2351 CA_A_390256_1_375* 2 7595
2364 CA_A_374452_3_903* 2 7661
238 CA_A_789716_6_414* 2 890
240 CA_A_552623_5_946* 2 893
2403 CA_A_365560_4_874* 2 7937
2415 CA_A_748651_1_994* 2 8000
242 CA_A_559014_1_388* 2 896
250 CA_A_311632_4_546* 2 910
251 CA_A_47486_6_712* 2 912
254 CA_A_42146_3_72* 2 916
258 CA_A_306026_5_524* 2 923
264 CA_A_799375_1_803* 2 932
275 CA_A_839728_2_237* 2 946
286 CA_A_796444_3_187* 2 958
293 CA_A_317992_4_147* 2 982
299 CA_A_210575_6_86* 2 995
301 CA_A_215131_7_71* 2 998
303 CA_A_587155_2_507* 2 1001
304 CA_A_339048_3_296* 2 1003
320 CA_A_589008_3_26* 2 1073
331 CA_A_711091_2_26* 2 1117
348 CA_A_307889_6_216* 2 1156
349 CA_A_35289_1_42* 2 1158
353 CA_A_774433_2_940* 2 1195
355 CA_A_564231_2_373* 2 1206
370 CA_A_306668_1_425* 2 1245
374 CA_A_590786_2_680* 2 1255
378 CA_A_608710_3_100* 2 1272
385 CA_A_612368_2_355* 2 1284
423 CA_A_1003725_7_387* 2 1396
432 CA_A_326505_2_770* 2 1406
441 CA_A_205608_2_386* 2 1429
443 CA_A_813461_6_435* 2 1432
460 CA_A_293978_2_915* 2 1457
464 CA_A_510978_4_640* 2 1462
478 CA_A_700034_2_245* 2 1494
496 CA_A_278717_3_713* 2 1513
515 CA_A_492318_6_882* 2 1533
517 CA_A_456583_2_116* 2 1536
519 CA_A_570811_1_628* 2 1539
52 CA_A_280706_4_578* 2 221
526 CA_A_709124_1_560* 2 1547
527 CA_A_845281_2_184* 2 1549
537 CA_A_627339_3_340* 2 1560
543 CA_A_30268_6_585* 2 1569
548 CA_A_614061_2_235* 2 1578
549 CA_A_606878_5_3* 2 1580
550 CA_A_51931_2_786* 2 1582
571 CA_A_602639_7_425* 2 1614
575 CA_A_338889_1_679* 2 1629
581 CA_A_504904_1_173* 2 1650
592 CA_A_708965_3_463* 2 1674
603 CA_A_460563_3_447* 2 1694
606 CA_A_1012498_1_212* 2 1704
609 CA_A_603142_6_613* 2 1719
61 CA_A_546315_2_705* 2 278
613 CA_A_119227_7_227* 2 1742
615 CA_A_729334_4_635* 2 1745
617 CA_A_732700_8_508* 2 1748
624 CA_A_599134_4_364* 2 1780
651 CA_A_522824_1_300* 2 1864
658 CA_A_548687_5_999* 2 1874
665 CA_A_137207_5_165* 2 1887
668 CA_A_516908_2_910* 2 1901
68 CA_A_691715_3_449* 2 316
681 CA_A_7282_1_713* 2 1950
692 CA_A_24268_4_269* 2 1993
702 CA_A_1000155_3_168* 2 2015
715 CA_A_245401_4_843* 2 2038
724 CA_A_997839_6_515* 2 2058
734 CA_A_298493_1_591* 2 2075
743 CA_A_850873_4_327* 2 2085
756 CA_A_832111_4_80* 2 2110
764 CA_A_588359_6_260* 2 2125
767 CA_A_806796_5_330* 2 2129
768 CA_A_332829_6_583* 2 2131
788 CA_A_583249_4_809* 2 2172
794 CA_A_323476_1_725* 2 2186
801 CA_A_1032651_3_309* 2 2196
805 CA_A_231944_2_753* 2 2207
816 CA_A_1014142_2_949* 2 2226
819 CA_A_575721_4_230* 2 2230
827 CA_A_1002926_2_17* 2 2239
836 CA_A_826115_2_343* 2 2259
839 CA_A_321718_5_711* 2 2263
850 CA_A_1001416_2_476* 2 2282
857 CA_A_851406_3_56* 2 2306
862 CA_A_499275_7_521* 2 2320
869 CA_A_508540_5_392* 2 2340
895 CA_A_1007928_8_545* 2 2389
896 CA_A_997660_2_10* 2 2391
897 CA_A_998921_3_514* 2 2393
9 CA_A_569890_1_162* 2 55
906 CA_A_870573_1_47* 2 2403
907 CA_A_154594_5_525* 2 2405
913 CA_A_609569_2_2* 2 2414
927 CA_A_485667_1_272* 2 2429
934 CA_A_234680_3_911* 2 2437
945 CA_A_562371_1_275* 2 2449
963 CA_A_604004_1_889* 2 2490
967 CA_A_506748_2_211* 2 2503
972 CA_A_833571_3_42* 2 2509
98 CA_A_58644_1_868* 2 481
983 CA_A_851563_1_898* 2 2541
989 CA_A_457963_3_274* 2 2565
1 CA_A_561792_2_719* 1 1
100 CA_A_567642_8_149* 1 498
1000 CA_A_457815_3_846* 1 2585
1001 CA_A_573722_1_455* 1 2586
1002 CA_A_572677_5_441* 1 2587
1004 CA_A_587282_1_522* 1 2590
1005 CA_A_583663_6_486* 1 2591
1006 CA_A_579084_7_697* 1 2592
1007 CA_A_698415_8_653* 1 2593
1008 CA_A_499702_4_919* 1 2594
1009 CA_A_492314_2_144* 1 2595
101 CA_A_772324_3_339* 1 499
1010 CA_A_451297_6_561* 1 2596
1011 CA_A_508260_3_775* 1 2597
1012 CA_A_504252_4_580* 1 2598
1013 CA_A_506408_2_730* 1 2599
1016 CA_A_454526_3_94* 1 2611
1018 CA_A_450389_5_403* 1 2616
102 CA_A_282215_4_6* 1 500
1020 CA_A_455355_8_584* 1 2622
1021 CA_A_452900_3_553* 1 2623
1023 CA_A_452546_2_229* 1 2636
1025 CA_A_572072_1_109* 1 2647
1028 CA_A_464166_2_123* 1 2662
1029 CA_A_455013_7_313* 1 2663
103 CA_A_213668_8_169* 1 501
1030 CA_A_974434_7_712* 1 2664
1031 CA_A_979488_6_215* 1 2665
1032 CA_A_969471_7_532* 1 2666
1033 CA_A_105423_3_986* 1 2667
1034 CA_A_378066_6_272* 1 2668
1039 CA_A_377599_5_753* 1 2678
1040 CA_A_390587_7_317* 1 2679
1041 CA_A_976567_4_884* 1 2680
1043 CA_A_18061_3_916* 1 2683
1044 CA_A_6821_4_315* 1 2684
1045 CA_A_382138_3_384* 1 2685
1048 CA_A_94824_3_746* 1 2703
105 CA_A_703887_2_591* 1 508
1052 CA_A_389975_1_834* 1 2724
1053 CA_A_375873_6_385* 1 2725
1055 CA_A_24137_8_22* 1 2730
1056 CA_A_24537_2_998* 1 2731
1057 CA_A_92945_3_220* 1 2732
1058 CA_A_376926_4_535* 1 2733
106 CA_A_554761_3_464* 1 509
1060 CA_A_379490_5_580* 1 2746
1062 CA_A_374450_2_113* 1 2750
1063 CA_A_1044209_5_858* 1 2751
1064 CA_A_92367_7_785* 1 2752
1065 CA_A_26669_6_924* 1 2753
1066 CA_A_12441_2_645* 1 2754
1067 CA_A_19555_2_13* 1 2755
1068 CA_A_372277_7_190* 1 2756
1069 CA_A_100425_2_535* 1 2757
1070 CA_A_95388_6_807* 1 2758
1071 CA_A_980616_1_710* 1 2759
1072 CA_A_97844_5_769* 1 2760
1073 CA_A_103382_2_715* 1 2761
1074 CA_A_110266_8_145* 1 2762
1076 CA_A_12668_7_436* 1 2767
1077 CA_A_27305_7_157* 1 2768
1078 CA_A_7268_2_811* 1 2769
1079 CA_A_365106_6_378* 1 2770
108 CA_A_294711_7_999* 1 525
1080 CA_A_3449_5_293* 1 2771
1081 CA_A_69255_1_995* 1 2772
1082 CA_A_543622_8_880* 1 2773
1084 CA_A_73268_7_365* 1 2778
1086 CA_A_938473_8_609* 1 2781
1088 CA_A_212612_1_581* 1 2784
1091 CA_A_780336_4_790* 1 2792
1092 CA_A_52856_1_748* 1 2793
1095 CA_A_564044_4_216* 1 2798
1096 CA_A_44088_8_495* 1 2799
1097 CA_A_333513_2_943* 1 2800
1098 CA_A_330526_3_868* 1 2801
1099 CA_A_581887_7_411* 1 2802
11 CA_A_563576_7_337* 1 68
1100 CA_A_211650_3_544* 1 2803
1101 CA_A_1045638_7_535* 1 2804
1102 CA_A_985923_2_582* 1 2805
1104 CA_A_122823_3_421* 1 2808
1106 CA_A_986281_8_877* 1 2814
1107 CA_A_547292_7_210* 1 2815
111 CA_A_778650_1_729* 1 548
1110 CA_A_521643_8_633* 1 2827
1111 CA_A_34983_6_931* 1 2828
1112 CA_A_723936_4_688* 1 2829
1113 CA_A_719559_6_591* 1 2830
1117 CA_A_557749_3_637* 1 2841
1118 CA_A_1006524_4_100* 1 2842
112 CA_A_690403_1_892* 1 549
1120 CA_A_311007_4_373* 1 2849
1123 CA_A_719981_1_800* 1 2857
1124 CA_A_56935_1_229* 1 2858
1126 CA_A_457514_7_200* 1 2863
1130 CA_A_309940_1_485* 1 2873
1131 CA_A_39622_3_12* 1 2874
1132 CA_A_597769_5_229* 1 2875
1133 CA_A_121463_3_647* 1 2876
1136 CA_A_128764_3_541* 1 2882
1137 CA_A_117303_1_684* 1 2883
1138 CA_A_27436_5_21* 1 2884
1139 CA_A_135010_7_993* 1 2885
114 CA_A_202628_8_561* 1 553
1140 CA_A_992039_7_320* 1 2886
1141 CA_A_991445_8_358* 1 2887
1142 CA_A_983790_5_177* 1 2888
1143 CA_A_980111_8_524* 1 2889
1144 CA_A_23733_7_616* 1 2890
1145 CA_A_981870_8_644* 1 2891
1146 CA_A_984799_2_3* 1 2892
1147 CA_A_614835_3_47* 1 2893
1148 CA_A_447713_3_207* 1 2894
1149 CA_A_544277_2_472* 1 2895
115 CA_A_819240_8_977* 1 554
1150 CA_A_731145_7_64* 1 2896
1151 CA_A_735344_5_740* 1 2897
1152 CA_A_586912_6_200* 1 2898
1153 CA_A_314392_4_87* 1 2899
1154 CA_A_303003_1_538* 1 2900
1155 CA_A_62409_4_297* 1 2901
1156 CA_A_513862_1_466* 1 2902
1157 CA_A_4620_4_601* 1 2903
1158 CA_A_621672_1_204* 1 2904
1159 CA_A_460615_5_989* 1 2905
1160 CA_A_132093_5_564* 1 2906
1161 CA_A_722748_3_244* 1 2907
1162 CA_A_619233_6_115* 1 2908
1163 CA_A_207874_2_273* 1 2909
1164 CA_A_41289_1_568* 1 2910
1165 CA_A_55647_1_635* 1 2911
1168 CA_A_606397_3_326* 1 2918
1169 CA_A_566498_4_855* 1 2919
1170 CA_A_732617_7_350* 1 2920
1171 CA_A_883343_6_198* 1 2921
1173 CA_A_34176_5_201* 1 2924
1174 CA_A_1024164_8_499* 1 2925
1175 CA_A_126735_2_383* 1 2926
1176 CA_A_135489_7_587* 1 2927
1178 CA_A_302322_2_290* 1 2930
1179 CA_A_462735_3_334* 1 2931
118 CA_A_704765_7_389* 1 573
1180 CA_A_334494_3_409* 1 2932
1183 CA_A_546996_4_668* 1 2940
1184 CA_A_208292_7_124* 1 2941
1185 CA_A_91729_6_574* 1 2942
1188 CA_A_90335_1_84* 1 2952
1190 CA_A_969533_6_88* 1 2955
1191 CA_A_70363_7_192* 1 2956
1196 CA_A_976268_2_748* 1 2967
1197 CA_A_862112_1_965* 1 2968
1198 CA_A_872778_3_995* 1 2969
1199 CA_A_873182_6_710* 1 2970
12 CA_A_708373_8_374* 1 69
120 CA_A_281906_1_464* 1 577
1200 CA_A_971669_8_983* 1 2971
1201 CA_A_340361_5_259* 1 2972
1202 CA_A_33494_6_991* 1 2973
1203 CA_A_715897_1_793* 1 2974
1204 CA_A_970654_1_124* 1 2975
1205 CA_A_137363_5_917* 1 2976
1206 CA_A_864302_6_643* 1 2977
1208 CA_A_25238_3_171* 1 2980
121 CA_A_48234_3_711* 1 578
1210 CA_A_105812_4_159* 1 2983
1211 CA_A_373926_3_151* 1 2984
1212 CA_A_10272_6_398* 1 2985
1213 CA_A_100591_5_656* 1 2986
1214 CA_A_106738_5_257* 1 2987
1215 CA_A_3269_2_465* 1 2988
122 CA_A_546992_2_532* 1 579
1220 CA_A_977785_6_787* 1 3002
1221 CA_A_978223_7_945* 1 3003
1224 CA_A_970194_7_592* 1 3016
1225 CA_A_986528_2_695* 1 3017
1226 CA_A_989581_2_815* 1 3018
1227 CA_A_985311_8_411* 1 3019
1228 CA_A_980532_8_5* 1 3020
1229 CA_A_104757_4_99* 1 3021
1230 CA_A_94640_4_844* 1 3022
1231 CA_A_977310_7_772* 1 3023
1233 CA_A_106708_2_196* 1 3027
1235 CA_A_525488_5_865* 1 3030
1236 CA_A_409700_8_203* 1 3031
1237 CA_A_521839_5_53* 1 3032
1238 CA_A_119287_6_129* 1 3033
124 CA_A_787029_8_144* 1 584
1240 CA_A_596761_1_589* 1 3050
1242 CA_A_880817_2_152* 1 3058
1243 CA_A_114820_1_564* 1 3059
1244 CA_A_959152_4_930* 1 3060
1246 CA_A_545273_1_28* 1 3072
1247 CA_A_524451_5_173* 1 3073
125 CA_A_299251_5_344* 1 585
1250 CA_A_28968_3_750* 1 3093
1251 CA_A_977737_1_304* 1 3094
1252 CA_A_984229_5_64* 1 3095
1253 CA_A_527517_3_676* 1 3096
1256 CA_A_943266_4_397* 1 3129
1259 CA_A_326746_1_785* 1 3136
126 CA_A_574669_6_945* 1 586
1262 CA_A_301418_5_118* 1 3157
1266 CA_A_546879_3_51* 1 3176
1267 CA_A_41626_4_742* 1 3177
1269 CA_A_992050_4_432* 1 3185
1272 CA_A_971204_5_170* 1 3220
1273 CA_A_1022525_3_994* 1 3221
1276 CA_A_453895_3_387* 1 3230
1278 CA_A_373344_7_596* 1 3233
1279 CA_A_111372_7_859* 1 3234
128 CA_A_698190_6_291* 1 589
1280 CA_A_59155_7_644* 1 3235
1282 CA_A_715922_2_778* 1 3239
1283 CA_A_596274_2_973* 1 3240
1284 CA_A_794907_5_436* 1 3241
1285 CA_A_1044148_2_278* 1 3242
1286 CA_A_936005_2_946* 1 3243
1288 CA_A_958808_4_524* 1 3259
1289 CA_A_967096_7_73* 1 3260
129 CA_A_63757_1_928* 1 590
1291 CA_A_785203_1_556* 1 3279
1292 CA_A_203572_1_867* 1 3280
1294 CA_A_927_2_804* 1 3283
1296 CA_A_542294_8_707* 1 3287
1297 CA_A_512587_4_700* 1 3288
1299 CA_A_726899_5_154* 1 3303
13 CA_A_691630_8_819* 1 70
130 CA_A_583979_2_966* 1 591
1300 CA_A_887374_1_520* 1 3304
1301 CA_A_528262_8_986* 1 3305
1302 CA_A_868606_4_108* 1 3306
1304 CA_A_877528_3_363* 1 3328
1306 CA_A_617719_6_168* 1 3338
1307 CA_A_15910_8_248* 1 3339
1308 CA_A_629281_7_619* 1 3340
1309 CA_A_10737_8_760* 1 3341
1310 CA_A_31708_6_179* 1 3342
1311 CA_A_1036066_2_850* 1 3343
1314 CA_A_19433_1_780* 1 3358
1315 CA_A_460976_1_138* 1 3359
1317 CA_A_203468_2_845* 1 3363
1318 CA_A_1054211_2_631* 1 3364
1319 CA_A_326285_6_696* 1 3365
1321 CA_A_866149_5_319* 1 3390
1323 CA_A_718167_1_740* 1 3393
1325 CA_A_990524_1_371* 1 3399
1326 CA_A_1019466_6_416* 1 3400
1330 CA_A_550548_5_307* 1 3415
1331 CA_A_945064_1_336* 1 3416
1334 CA_A_30278_3_178* 1 3446
1335 CA_A_1032436_8_912* 1 3447
1336 CA_A_398960_2_706* 1 3448
1337 CA_A_1030558_8_160* 1 3449
1338 CA_A_932504_2_134* 1 3450
1339 CA_A_533954_3_104* 1 3451
134 CA_A_58229_1_289* 1 638
1340 CA_A_524959_7_422* 1 3452
1341 CA_A_994700_8_997* 1 3453
1342 CA_A_867360_3_356* 1 3454
1344 CA_A_964474_1_350* 1 3459
1347 CA_A_532268_2_984* 1 3476
1349 CA_A_333763_4_680* 1 3485
135 CA_A_843642_1_951* 1 639
1350 CA_A_14427_3_570* 1 3486
1352 CA_A_889109_7_935* 1 3509
1353 CA_A_1036434_8_107* 1 3510
1354 CA_A_882885_3_829* 1 3511
1358 CA_A_401930_6_812* 1 3538
136 CA_A_579390_8_968* 1 640
1361 CA_A_379373_1_188* 1 3554
1363 CA_A_40622_1_222* 1 3566
1366 CA_A_1019061_6_589* 1 3589
1367 CA_A_873721_6_78* 1 3590
1369 CA_A_1041174_6_257* 1 3608
137 CA_A_276674_2_961* 1 641
1370 CA_A_43402_6_359* 1 3609
1373 CA_A_386007_4_948* 1 3618
1374 CA_A_724688_2_898* 1 3619
1375 CA_A_599229_1_250* 1 3620
1376 CA_A_931397_4_443* 1 3621
1377 CA_A_308290_7_374* 1 3622
1378 CA_A_868289_2_198* 1 3623
1379 CA_A_366561_7_476* 1 3624
138 CA_A_707655_3_177* 1 642
1380 CA_A_210597_8_741* 1 3625
1383 CA_A_1053842_1_14* 1 3651
1384 CA_A_869980_5_379* 1 3652
1385 CA_A_939610_5_721* 1 3653
1386 CA_A_1034372_1_519* 1 3654
1387 CA_A_412166_8_316* 1 3655
139 CA_A_791901_3_819* 1 643
1396 CA_A_392163_4_955* 1 3720
1397 CA_A_877639_1_919* 1 3721
1398 CA_A_1037999_2_158* 1 3722
1399 CA_A_959599_7_66* 1 3723
1400 CA_A_34900_5_28* 1 3724
1403 CA_A_889763_6_85* 1 3732
1404 CA_A_11327_7_609* 1 3733
1405 CA_A_126657_8_159* 1 3734
1407 CA_A_122077_2_842* 1 3749
1408 CA_A_119246_3_128* 1 3750
141 CA_A_781051_2_654* 1 665
1411 CA_A_559853_2_426* 1 3767
1412 CA_A_597879_3_319* 1 3768
1415 CA_A_530090_7_256* 1 3790
1418 CA_A_881326_3_310* 1 3802
1419 CA_A_596287_7_305* 1 3803
1423 CA_A_871111_4_454* 1 3833
1424 CA_A_5080_8_294* 1 3834
1425 CA_A_718729_2_146* 1 3835
1426 CA_A_725798_2_439* 1 3836
1427 CA_A_578159_4_403* 1 3837
1428 CA_A_548575_7_503* 1 3838
1430 CA_A_21689_7_383* 1 3841
1431 CA_A_139289_8_978* 1 3842
1432 CA_A_1049646_7_482* 1 3843
1434 CA_A_101592_7_559* 1 3856
1435 CA_A_537967_5_180* 1 3857
1439 CA_A_70889_4_477* 1 3875
1440 CA_A_534727_8_68* 1 3876
1442 CA_A_134505_8_279* 1 3879
1444 CA_A_726649_6_944* 1 3888
1445 CA_A_1049247_3_150* 1 3889
1446 CA_A_533405_1_21* 1 3890
1447 CA_A_119785_5_956* 1 3891
1448 CA_A_873564_5_958* 1 3892
1449 CA_A_16075_5_300* 1 3893
1454 CA_A_1037680_4_181* 1 3923
1455 CA_A_395668_7_384* 1 3924
1460 CA_A_24090_5_713* 1 3968
1461 CA_A_887908_8_221* 1 3969
1462 CA_A_24157_1_494* 1 3970
1463 CA_A_26247_6_352* 1 3971
1464 CA_A_113395_8_611* 1 3972
1466 CA_A_408620_1_908* 1 3975
1468 CA_A_398268_6_173* 1 3979
147 CA_A_800660_1_224* 1 706
1470 CA_A_404058_5_428* 1 3990
1471 CA_A_401989_1_36* 1 3991
1473 CA_A_369544_6_265* 1 4008
1474 CA_A_1038889_1_60* 1 4009
1475 CA_A_725509_3_710* 1 4010
1476 CA_A_605125_3_333* 1 4011
1479 CA_A_21368_1_434* 1 4025
148 CA_A_705855_4_501* 1 707
1481 CA_A_1053113_6_271* 1 4037
1484 CA_A_1053739_1_360* 1 4059
1485 CA_A_548503_2_246* 1 4060
1487 CA_A_1051004_1_187* 1 4065
1488 CA_A_59442_2_447* 1 4066
1489 CA_A_621357_5_130* 1 4067
149 CA_A_784581_5_948* 1 708
1492 CA_A_613464_7_898* 1 4074
1495 CA_A_972345_8_171* 1 4100
1498 CA_A_17776_6_285* 1 4123
1499 CA_A_1022532_4_167* 1 4124
15 CA_A_700723_4_614* 1 79
150 CA_A_315440_3_741* 1 709
1503 CA_A_974928_6_95* 1 4198
1505 CA_A_30036_8_661* 1 4201
1506 CA_A_1028570_4_287* 1 4202
1507 CA_A_39909_7_690* 1 4203
1509 CA_A_57761_6_779* 1 4207
1510 CA_A_992875_5_184* 1 4208
1511 CA_A_1025042_2_497* 1 4209
1512 CA_A_5000_7_429* 1 4210
1513 CA_A_102045_3_520* 1 4211
1514 CA_A_929356_4_962* 1 4212
1515 CA_A_116013_7_513* 1 4213
1516 CA_A_712986_7_396* 1 4214
1517 CA_A_527464_5_925* 1 4215
1518 CA_A_950893_7_345* 1 4216
1521 CA_A_878911_7_176* 1 4239
1522 CA_A_22727_4_675* 1 4240
1523 CA_A_403473_8_888* 1 4241
1524 CA_A_980690_3_154* 1 4242
1525 CA_A_541457_5_586* 1 4243
1526 CA_A_115966_3_414* 1 4244
1527 CA_A_938710_2_254* 1 4245
1528 CA_A_546602_7_323* 1 4246
1530 CA_A_412456_7_105* 1 4251
1531 CA_A_408137_5_375* 1 4252
1532 CA_A_397526_7_963* 1 4253
1534 CA_A_28005_2_652* 1 4274
1535 CA_A_333275_6_989* 1 4275
1537 CA_A_301394_3_847* 1 4279
1538 CA_A_734442_7_410* 1 4280
1539 CA_A_1019473_8_33* 1 4281
1541 CA_A_943561_5_608* 1 4305
1542 CA_A_403430_5_654* 1 4306
1543 CA_A_595586_7_19* 1 4307
1544 CA_A_1031717_8_566* 1 4308
1546 CA_A_968598_4_644* 1 4311
1547 CA_A_133586_1_59* 1 4312
1549 CA_A_26793_3_344* 1 4315
155 CA_A_313085_6_456* 1 742
1551 CA_A_545993_4_435* 1 4324
1554 CA_A_934619_7_391* 1 4344
1555 CA_A_614138_4_604* 1 4345
1556 CA_A_518230_6_956* 1 4346
1557 CA_A_987409_7_87* 1 4347
1558 CA_A_948935_7_924* 1 4348
1559 CA_A_202785_7_117* 1 4349
1560 CA_A_109975_1_331* 1 4350
1561 CA_A_976033_4_591* 1 4351
1562 CA_A_535264_4_142* 1 4352
1564 CA_A_1017634_8_552* 1 4355
1568 CA_A_890040_2_618* 1 4379
1569 CA_A_951337_5_615* 1 4380
1571 CA_A_125480_8_46* 1 4397
1574 CA_A_978896_2_56* 1 4402
1575 CA_A_139794_7_421* 1 4403
1578 CA_A_868276_4_627* 1 4425
1580 CA_A_2298_5_233* 1 4431
1581 CA_A_140_5_346* 1 4432
1583 CA_A_23412_4_96* 1 4444
1584 CA_A_889973_7_822* 1 4445
1586 CA_A_528005_3_37* 1 4450
1587 CA_A_518287_3_722* 1 4451
1588 CA_A_983617_1_251* 1 4452
1589 CA_A_542645_1_607* 1 4453
1591 CA_A_961467_7_991* 1 4466
1592 CA_A_1053817_2_691* 1 4467
1593 CA_A_795582_1_450* 1 4468
1594 CA_A_627457_3_54* 1 4469
1595 CA_A_528047_8_813* 1 4470
1596 CA_A_42206_2_433* 1 4471
1597 CA_A_712930_6_704* 1 4472
1598 CA_A_51361_4_523* 1 4473
16 CA_A_778008_6_174* 1 80
160 CA_A_572177_3_471* 1 765
1600 CA_A_109719_7_686* 1 4486
1603 CA_A_933715_3_698* 1 4510
1605 CA_A_1019013_2_430* 1 4520
1606 CA_A_884199_7_755* 1 4521
1607 CA_A_868544_5_612* 1 4522
1608 CA_A_945798_8_376* 1 4523
1609 CA_A_395247_6_166* 1 4524
161 CA_A_59916_6_433* 1 766
1610 CA_A_1050033_4_301* 1 4525
1612 CA_A_880589_7_409* 1 4528
1613 CA_A_721693_4_921* 1 4529
1614 CA_A_301445_7_773* 1 4530
1617 CA_A_370784_6_724* 1 4554
1619 CA_A_309856_6_396* 1 4557
162 CA_A_572594_7_983* 1 767
1620 CA_A_1052002_2_285* 1 4558
1622 CA_A_613639_5_875* 1 4561
1623 CA_A_1021712_7_747* 1 4562
1624 CA_A_713502_5_719* 1 4563
1625 CA_A_729429_7_463* 1 4564
1626 CA_A_316827_8_765* 1 4565
1627 CA_A_867789_1_566* 1 4566
1629 CA_A_78702_1_483* 1 4574
163 CA_A_298887_6_209* 1 768
1631 CA_A_16_4_15* 1 4632
1632 CA_A_952023_7_518* 1 4633
1634 CA_A_940597_6_819* 1 4638
1637 CA_A_411222_5_781* 1 4646
1639 CA_A_389100_2_7* 1 4649
164 CA_A_60094_4_643* 1 769
1640 CA_A_731572_8_681* 1 4650
1642 CA_A_1029554_1_978* 1 4682
1643 CA_A_407878_6_466* 1 4683
1644 CA_A_1032343_1_346* 1 4684
1645 CA_A_865564_5_838* 1 4685
1646 CA_A_394066_6_399* 1 4686
1648 CA_A_33006_2_140* 1 4704
1650 CA_A_956736_4_810* 1 4707
1654 CA_A_3442_8_587* 1 4740
1655 CA_A_546488_6_458* 1 4741
1657 CA_A_400177_7_38* 1 4751
1658 CA_A_41673_4_802* 1 4752
1659 CA_A_6908_6_45* 1 4753
166 CA_A_690914_5_991* 1 774
1660 CA_A_399174_8_715* 1 4754
1662 CA_A_882593_1_866* 1 4761
1663 CA_A_983114_6_621* 1 4762
1664 CA_A_728774_8_847* 1 4763
1666 CA_A_400648_5_1000* 1 4781
1667 CA_A_1033133_4_61* 1 4782
1668 CA_A_942340_4_856* 1 4783
1669 CA_A_781973_1_443* 1 4784
167 CA_A_572480_7_923* 1 775
1671 CA_A_959631_2_561* 1 4787
1672 CA_A_964701_3_27* 1 4788
1673 CA_A_375264_7_310* 1 4789
1674 CA_A_451206_2_921* 1 4790
1676 CA_A_1050485_6_903* 1 4809
1677 CA_A_118848_7_633* 1 4810
168 CA_A_279108_3_999* 1 776
1681 CA_A_883074_7_236* 1 4824
1684 CA_A_29849_5_194* 1 4842
1685 CA_A_517370_2_218* 1 4843
1686 CA_A_935792_5_601* 1 4844
1687 CA_A_732133_2_40* 1 4845
1690 CA_A_932890_8_662* 1 4861
1691 CA_A_113401_6_302* 1 4862
1692 CA_A_532281_2_924* 1 4863
1694 CA_A_411285_2_427* 1 4873
1695 CA_A_935271_3_924* 1 4874
1696 CA_A_976930_2_861* 1 4875
1697 CA_A_38102_4_50* 1 4876
1698 CA_A_1021328_7_108* 1 4877
1699 CA_A_513832_6_31* 1 4878
170 CA_A_210455_6_319* 1 779
1700 CA_A_97160_7_386* 1 4879
1701 CA_A_993643_8_937* 1 4880
1704 CA_A_38675_1_854* 1 4885
1705 CA_A_980857_1_191* 1 4886
1708 CA_A_531269_1_826* 1 4914
171 CA_A_582179_7_5* 1 780
1710 CA_A_728664_3_424* 1 4918
1711 CA_A_889817_6_145* 1 4919
1712 CA_A_17056_6_631* 1 4920
1713 CA_A_21686_5_480* 1 4921
1714 CA_A_729155_3_883* 1 4922
1715 CA_A_987614_6_162* 1 4923
1716 CA_A_300201_6_156* 1 4924
1717 CA_A_99308_7_100* 1 4925
1718 CA_A_319461_4_553* 1 4926
1719 CA_A_968341_5_629* 1 4927
172 CA_A_798626_8_38* 1 781
1723 CA_A_1020490_2_723* 1 4951
1724 CA_A_1049447_5_226* 1 4952
1726 CA_A_129429_3_135* 1 4978
1728 CA_A_865586_3_642* 1 4981
1729 CA_A_969872_5_509* 1 4982
1730 CA_A_301147_4_945* 1 4983
1731 CA_A_298717_6_788* 1 4984
1732 CA_A_1020265_7_168* 1 4985
1733 CA_A_883745_4_2* 1 4986
1734 CA_A_1041317_7_881* 1 4987
1735 CA_A_720382_3_530* 1 4988
1737 CA_A_1048617_4_68* 1 5001
1738 CA_A_870433_7_575* 1 5002
1740 CA_A_1050817_6_790* 1 5019
1743 CA_A_366525_1_933* 1 5037
1744 CA_A_375849_5_287* 1 5038
1745 CA_A_972287_2_109* 1 5039
1747 CA_A_1038477_5_971* 1 5065
1748 CA_A_85354_2_754* 1 5066
1749 CA_A_867697_5_146* 1 5067
175 CA_A_52761_8_216* 1 789
1750 CA_A_998109_6_808* 1 5068
1752 CA_A_80362_6_447* 1 5073
1753 CA_A_71340_8_117* 1 5074
1755 CA_A_82647_3_732* 1 5080
1756 CA_A_869472_3_702* 1 5081
1758 CA_A_84541_4_657* 1 5086
176 CA_A_54284_7_810* 1 790
1761 CA_A_75477_6_327* 1 5091
1762 CA_A_84169_2_528* 1 5092
1763 CA_A_80313_8_297* 1 5093
1766 CA_A_254939_8_483* 1 5114
1769 CA_A_78219_1_882* 1 5129
1770 CA_A_70053_3_612* 1 5130
1771 CA_A_86282_8_244* 1 5131
1772 CA_A_80431_6_620* 1 5132
1773 CA_A_77941_7_139* 1 5133
1774 CA_A_68369_7_132* 1 5134
1775 CA_A_86754_6_48* 1 5135
1776 CA_A_254206_5_23* 1 5136
1777 CA_A_263858_1_104* 1 5137
178 CA_A_282087_1_404* 1 794
1784 CA_A_261191_1_909* 1 5169
1786 CA_A_271442_3_939* 1 5196
1788 CA_A_249565_7_618* 1 5200
1789 CA_A_260140_5_83* 1 5201
179 CA_A_206952_3_770* 1 795
1790 CA_A_81175_6_567* 1 5202
1791 CA_A_73906_2_341* 1 5203
1792 CA_A_73707_3_33* 1 5204
1794 CA_A_251254_3_632* 1 5222
1796 CA_A_78039_1_130* 1 5225
1797 CA_A_81044_8_410* 1 5226
1798 CA_A_269991_1_856* 1 5227
1799 CA_A_70977_3_898* 1 5228
18 CA_A_300240_8_465* 1 92
180 CA_A_211940_3_258* 1 796
1800 CA_A_81769_6_334* 1 5229
1801 CA_A_82411_8_124* 1 5230
1802 CA_A_889017_1_61* 1 5231
1805 CA_A_80626_1_77* 1 5242
1806 CA_A_261052_7_858* 1 5243
1807 CA_A_260017_5_602* 1 5244
1808 CA_A_81934_5_755* 1 5245
1809 CA_A_83323_3_852* 1 5246
181 CA_A_570221_6_126* 1 797
1812 CA_A_268445_4_398* 1 5251
1814 CA_A_259447_4_158* 1 5266
1815 CA_A_86204_6_454* 1 5267
1816 CA_A_87169_7_259* 1 5268
1817 CA_A_253043_5_369* 1 5269
1818 CA_A_262316_5_895* 1 5270
1820 CA_A_251142_5_595* 1 5280
1821 CA_A_253726_6_234* 1 5281
1822 CA_A_77270_1_942* 1 5282
1823 CA_A_252947_7_791* 1 5283
1824 CA_A_68723_6_380* 1 5284
1825 CA_A_70811_4_71* 1 5285
1826 CA_A_265604_7_572* 1 5286
1827 CA_A_268328_5_782* 1 5287
1828 CA_A_268491_5_842* 1 5288
183 CA_A_59992_4_756* 1 803
1832 CA_A_252099_5_655* 1 5304
1833 CA_A_86028_8_936* 1 5305
1835 CA_A_68158_2_108* 1 5309
1836 CA_A_1009376_4_852* 1 5310
1837 CA_A_251548_3_865* 1 5311
1839 CA_A_84262_7_951* 1 5319
184 CA_A_50613_5_554* 1 804
1844 CA_A_249663_8_656* 1 5349
1845 CA_A_75369_4_251* 1 5350
1847 CA_A_262450_5_609* 1 5356
185 CA_A_588358_6_839* 1 805
1850 CA_A_71398_4_18* 1 5379
1855 CA_A_266846_1_164* 1 5411
1856 CA_A_251228_3_459* 1 5412
1857 CA_A_74264_3_785* 1 5413
1858 CA_A_66581_4_11* 1 5414
1859 CA_A_263364_4_511* 1 5415
186 CA_A_56369_1_116* 1 806
1860 CA_A_267596_7_685* 1 5416
1862 CA_A_91107_4_837* 1 5420
1863 CA_A_83879_7_146* 1 5421
1865 CA_A_65933_5_861* 1 5424
1868 CA_A_88700_4_258* 1 5430
1870 CA_A_89416_4_205* 1 5434
1871 CA_A_74411_5_981* 1 5435
1872 CA_A_72091_8_636* 1 5436
1873 CA_A_90071_1_836* 1 5437
1874 CA_A_89321_7_266* 1 5438
1879 CA_A_72157_5_921* 1 5448
188 CA_A_47089_8_329* 1 812
1880 CA_A_299730_2_862* 1 5449
1881 CA_A_84856_6_973* 1 5450
1882 CA_A_71797_7_771* 1 5451
1884 CA_A_73239_8_177* 1 5454
1885 CA_A_80038_2_115* 1 5455
1886 CA_A_66937_8_802* 1 5456
1889 CA_A_103331_2_655* 1 5463
1890 CA_A_869120_4_221* 1 5464
1892 CA_A_111393_4_219* 1 5469
1894 CA_A_767078_2_414* 1 5474
1895 CA_A_93559_4_957* 1 5475
1896 CA_A_107746_1_617* 1 5476
1897 CA_A_988656_4_605* 1 5477
1898 CA_A_81034_3_446* 1 5478
190 CA_A_772326_8_423* 1 815
1900 CA_A_111899_4_445* 1 5484
1901 CA_A_980668_4_771* 1 5485
1902 CA_A_994975_4_898* 1 5486
1903 CA_A_993815_7_899* 1 5487
1904 CA_A_979860_2_981* 1 5488
1906 CA_A_991952_1_431* 1 5497
1907 CA_A_990648_4_951* 1 5498
1908 CA_A_119770_7_580* 1 5499
191 CA_A_55857_8_449* 1 816
1910 CA_A_975155_2_515* 1 5502
1911 CA_A_987695_7_839* 1 5503
1912 CA_A_116901_2_30* 1 5504
1913 CA_A_479942_8_891* 1 5505
1914 CA_A_479053_1_904* 1 5506
1915 CA_A_226214_4_536* 1 5507
1916 CA_A_222233_5_694* 1 5508
1917 CA_A_649869_2_263* 1 5509
1918 CA_A_466772_6_688* 1 5510
1919 CA_A_479155_4_732* 1 5511
192 CA_A_825864_8_578* 1 817
1920 CA_A_488098_6_875* 1 5512
1921 CA_A_224641_7_717* 1 5513
1922 CA_A_686578_6_683* 1 5514
1923 CA_A_678850_8_985* 1 5515
1924 CA_A_371220_2_339* 1 5516
1925 CA_A_880148_8_274* 1 5517
1926 CA_A_919733_1_661* 1 5518
1927 CA_A_993188_6_222* 1 5519
1929 CA_A_13124_1_547* 1 5522
1930 CA_A_346003_6_477* 1 5523
1932 CA_A_148171_3_36* 1 5526
1933 CA_A_154934_3_502* 1 5527
1934 CA_A_139446_2_277* 1 5528
1935 CA_A_521987_3_549* 1 5529
1938 CA_A_1011604_2_776* 1 5535
1939 CA_A_711695_1_733* 1 5536
194 CA_A_695589_7_209* 1 821
1940 CA_A_779194_7_332* 1 5537
1942 CA_A_667040_1_13* 1 5542
1945 CA_A_746774_6_612* 1 5553
1946 CA_A_180487_7_735* 1 5554
1947 CA_A_763719_8_529* 1 5555
195 CA_A_582600_7_990* 1 822
1950 CA_A_377676_8_235* 1 5565
1952 CA_A_198229_2_93* 1 5573
1953 CA_A_175272_7_216* 1 5574
1954 CA_A_197465_3_650* 1 5575
1955 CA_A_374638_4_309* 1 5576
1957 CA_A_987770_2_236* 1 5579
196 CA_A_206222_1_694* 1 823
1961 CA_A_986373_3_733* 1 5596
1962 CA_A_486667_6_10* 1 5597
1964 CA_A_469385_6_282* 1 5605
1965 CA_A_979957_6_734* 1 5606
1967 CA_A_990289_3_740* 1 5621
1968 CA_A_974041_7_539* 1 5622
197 CA_A_206653_6_199* 1 824
1970 CA_A_981445_1_883* 1 5627
1972 CA_A_473560_6_748* 1 5630
1975 CA_A_379937_6_505* 1 5651
1976 CA_A_488321_5_431* 1 5652
1979 CA_A_368776_3_896* 1 5667
198 CA_A_64637_7_764* 1 825
1980 CA_A_376259_5_174* 1 5668
1981 CA_A_366650_8_168* 1 5669
1982 CA_A_366749_1_181* 1 5670
1984 CA_A_755289_3_904* 1 5676
1986 CA_A_470343_5_71* 1 5683
1987 CA_A_685885_8_473* 1 5684
1989 CA_A_93158_4_378* 1 5689
1990 CA_A_170957_8_826* 1 5690
1991 CA_A_473139_8_365* 1 5691
1994 CA_A_467247_2_529* 1 5700
1995 CA_A_477784_2_942* 1 5701
1996 CA_A_484339_3_927* 1 5702
1997 CA_A_985463_2_868* 1 5703
1998 CA_A_109565_1_737* 1 5704
2 CA_A_212959_5_973* 1 2
20 CA_A_564588_5_953* 1 106
200 CA_A_696701_3_689* 1 829
2000 CA_A_484916_2_829* 1 5707
2001 CA_A_102685_5_483* 1 5708
2002 CA_A_444186_2_741* 1 5709
2003 CA_A_107454_3_753* 1 5710
2004 CA_A_1054256_8_61* 1 5711
2005 CA_A_427889_8_736* 1 5712
2006 CA_A_103973_4_618* 1 5713
2007 CA_A_661637_3_774* 1 5714
2009 CA_A_646444_2_90* 1 5718
2010 CA_A_488120_5_837* 1 5719
2011 CA_A_690180_1_546* 1 5720
2014 CA_A_921832_5_940* 1 5729
2016 CA_A_474989_7_673* 1 5763
2017 CA_A_142455_5_977* 1 5764
2019 CA_A_165574_7_435* 1 5771
202 CA_A_48394_1_515* 1 834
2020 CA_A_633979_6_9* 1 5772
2021 CA_A_654345_6_775* 1 5773
2022 CA_A_153206_4_886* 1 5774
2025 CA_A_649404_1_52* 1 5788
2026 CA_A_631462_7_852* 1 5789
2027 CA_A_372425_5_919* 1 5790
2028 CA_A_390450_7_31* 1 5791
203 CA_A_207029_7_876* 1 835
2030 CA_A_918519_2_526* 1 5817
2033 CA_A_191012_8_35* 1 5823
2035 CA_A_673125_7_1000* 1 5826
2037 CA_A_224206_1_189* 1 5833
2038 CA_A_195472_3_936* 1 5834
2039 CA_A_667690_4_992* 1 5835
204 CA_A_854496_8_20* 1 836
2040 CA_A_914796_5_181* 1 5836
2043 CA_A_2720_4_541* 1 5842
2044 CA_A_993756_2_63* 1 5843
2045 CA_A_97684_4_498* 1 5844
2046 CA_A_222961_3_611* 1 5845
2048 CA_A_5150_2_59* 1 5849
2049 CA_A_376008_2_632* 1 5850
205 CA_A_582023_2_500* 1 837
2050 CA_A_638404_8_378* 1 5851
2054 CA_A_242814_4_497* 1 5889
2055 CA_A_238965_8_649* 1 5890
2056 CA_A_433172_8_337* 1 5891
206 CA_A_44161_3_764* 1 838
2060 CA_A_176589_4_155* 1 5920
2061 CA_A_220001_6_672* 1 5921
2065 CA_A_656935_6_835* 1 5963
2066 CA_A_635925_8_950* 1 5964
2068 CA_A_423420_4_231* 1 5973
2069 CA_A_668395_8_805* 1 5974
2070 CA_A_639218_3_640* 1 5975
2071 CA_A_380213_8_408* 1 5976
2072 CA_A_926186_5_361* 1 5977
2074 CA_A_436628_1_177* 1 5988
2075 CA_A_668639_5_285* 1 5989
2076 CA_A_630412_6_987* 1 5990
2078 CA_A_187394_1_620* 1 6021
208 CA_A_65735_1_236* 1 843
2082 CA_A_237735_8_589* 1 6082
2086 CA_A_148122_2_224* 1 6109
2088 CA_A_390014_3_857* 1 6115
2091 CA_A_167330_1_952* 1 6195
2093 CA_A_752495_6_559* 1 6198
2095 CA_A_737036_7_816* 1 6206
2096 CA_A_240645_2_760* 1 6207
2097 CA_A_100825_8_311* 1 6208
2098 CA_A_152247_1_885* 1 6209
2099 CA_A_142802_1_6* 1 6210
21 CA_A_820123_1_704* 1 107
210 CA_A_831239_5_983* 1 846
2102 CA_A_483196_6_63* 1 6232
2105 CA_A_143203_5_112* 1 6261
2107 CA_A_903198_4_422* 1 6269
2108 CA_A_763365_7_205* 1 6270
2109 CA_A_662494_6_489* 1 6271
2111 CA_A_180863_5_193* 1 6276
2112 CA_A_223753_7_770* 1 6277
2113 CA_A_217181_5_281* 1 6278
2117 CA_A_892695_6_551* 1 6325
2119 CA_A_419823_4_976* 1 6351
2121 CA_A_228178_3_671* 1 6380
2122 CA_A_689083_8_533* 1 6381
2126 CA_A_629528_3_114* 1 6389
213 CA_A_574476_6_765* 1 853
2130 CA_A_347592_1_107* 1 6439
2131 CA_A_900306_2_226* 1 6440
2132 CA_A_345667_8_500* 1 6441
2133 CA_A_142034_8_519* 1 6442
2134 CA_A_688253_1_606* 1 6443
2135 CA_A_913488_6_911* 1 6444
214 CA_A_54505_2_793* 1 854
2142 CA_A_907934_4_828* 1 6492
2144 CA_A_468582_7_553* 1 6514
2146 CA_A_912453_6_971* 1 6521
2148 CA_A_923081_3_917* 1 6526
2149 CA_A_743600_8_342* 1 6527
215 CA_A_286123_8_571* 1 855
2151 CA_A_672740_4_420* 1 6551
2152 CA_A_745613_3_32* 1 6552
2153 CA_A_910445_5_926* 1 6553
2155 CA_A_770280_4_723* 1 6570
2156 CA_A_748449_7_304* 1 6571
2157 CA_A_428366_1_463* 1 6572
216 CA_A_550947_7_849* 1 856
2161 CA_A_658532_3_22* 1 6583
2163 CA_A_895207_6_438* 1 6586
2165 CA_A_348928_2_844* 1 6590
2168 CA_A_430153_5_848* 1 6626
2169 CA_A_374385_7_17* 1 6627
217 CA_A_823652_1_877* 1 857
2170 CA_A_101371_4_325* 1 6628
2171 CA_A_375866_6_791* 1 6629
2172 CA_A_351830_3_942* 1 6630
2173 CA_A_191701_5_553* 1 6631
2174 CA_A_674185_4_939* 1 6632
2177 CA_A_897921_2_572* 1 6659
218 CA_A_310443_7_953* 1 858
2180 CA_A_737212_6_718* 1 6674
2182 CA_A_478530_7_680* 1 6681
2183 CA_A_468603_6_628* 1 6682
2184 CA_A_638939_1_218* 1 6683
2185 CA_A_168996_2_997* 1 6684
2186 CA_A_175267_3_57* 1 6685
2187 CA_A_147824_6_443* 1 6686
2189 CA_A_176838_6_810* 1 6689
219 CA_A_52530_2_267* 1 859
2192 CA_A_220532_2_167* 1 6745
2194 CA_A_475640_6_981* 1 6749
2198 CA_A_144835_2_457* 1 6777
2199 CA_A_743432_1_814* 1 6778
220 CA_A_794811_4_338* 1 860
2201 CA_A_141789_1_239* 1 6795
2202 CA_A_227499_8_3* 1 6796
2203 CA_A_354456_3_716* 1 6797
2204 CA_A_186068_8_494* 1 6798
2205 CA_A_437034_2_275* 1 6799
2207 CA_A_198476_5_94* 1 6815
2209 CA_A_364223_3_430* 1 6827
221 CA_A_47438_2_207* 1 861
2213 CA_A_910610_1_135* 1 6882
2216 CA_A_220709_2_280* 1 6902
2217 CA_A_14559_4_29* 1 6903
2219 CA_A_423257_8_789* 1 6926
222 CA_A_53861_7_65* 1 862
2220 CA_A_217831_4_303* 1 6927
2221 CA_A_194374_7_922* 1 6928
2223 CA_A_354489_8_394* 1 6959
2224 CA_A_169541_5_133* 1 6960
2225 CA_A_890522_6_32* 1 6961
2227 CA_A_421150_8_383* 1 6964
2228 CA_A_96953_8_364* 1 6965
2229 CA_A_231274_7_25* 1 6966
2231 CA_A_383790_4_542* 1 6971
2234 CA_A_444154_8_111* 1 7053
2235 CA_A_758478_8_183* 1 7054
2237 CA_A_197964_3_477* 1 7063
2238 CA_A_189776_6_418* 1 7064
2239 CA_A_350567_1_460* 1 7065
2240 CA_A_227041_2_580* 1 7066
2241 CA_A_148655_7_654* 1 7067
2246 CA_A_103623_3_347* 1 7091
2247 CA_A_230536_6_160* 1 7092
2248 CA_A_229457_6_619* 1 7093
2249 CA_A_244109_1_489* 1 7094
225 CA_A_49832_8_156* 1 870
2250 CA_A_101022_8_777* 1 7095
2251 CA_A_102705_2_941* 1 7096
2252 CA_A_381182_4_369* 1 7097
2254 CA_A_107028_5_197* 1 7100
2256 CA_A_15714_8_15* 1 7104
2260 CA_A_353275_3_596* 1 7138
2262 CA_A_639856_7_47* 1 7158
2264 CA_A_145713_5_631* 1 7169
2266 CA_A_96532_3_400* 1 7174
2268 CA_A_648826_3_188* 1 7178
2269 CA_A_432293_2_787* 1 7179
227 CA_A_555712_5_81* 1 874
2274 CA_A_354229_6_950* 1 7216
2276 CA_A_926540_6_925* 1 7232
2278 CA_A_155660_5_465* 1 7235
2279 CA_A_218913_8_289* 1 7236
228 CA_A_551280_8_541* 1 875
2280 CA_A_377596_3_324* 1 7237
2283 CA_A_427101_6_540* 1 7247
2285 CA_A_749592_3_957* 1 7285
2288 CA_A_364372_3_24* 1 7292
229 CA_A_56902_6_27* 1 876
2290 CA_A_227404_8_695* 1 7310
2291 CA_A_907242_5_986* 1 7311
2292 CA_A_762118_5_122* 1 7312
2293 CA_A_911023_8_934* 1 7313
2294 CA_A_684985_6_450* 1 7314
2296 CA_A_232378_5_641* 1 7337
2298 CA_A_372805_8_175* 1 7340
2299 CA_A_226573_2_806* 1 7341
23 CA_A_792835_8_264* 1 117
2300 CA_A_343020_5_33* 1 7342
2304 CA_A_235235_3_332* 1 7383
2306 CA_A_900273_3_843* 1 7388
2307 CA_A_634223_4_851* 1 7389
2309 CA_A_900901_6_964* 1 7411
231 CA_A_65021_8_110* 1 882
2310 CA_A_922498_1_548* 1 7412
2311 CA_A_653580_3_714* 1 7413
2312 CA_A_367927_4_475* 1 7414
2314 CA_A_679374_2_111* 1 7426
2316 CA_A_754553_2_520* 1 7437
2318 CA_A_236175_7_724* 1 7444
2319 CA_A_170316_2_764* 1 7445
232 CA_A_60285_2_560* 1 883
2322 CA_A_184471_6_471* 1 7472
2325 CA_A_98287_5_363* 1 7477
2326 CA_A_668746_5_225* 1 7478
2328 CA_A_471230_3_281* 1 7490
2329 CA_A_664136_8_339* 1 7491
233 CA_A_51127_8_795* 1 884
2331 CA_A_661663_2_909* 1 7502
2332 CA_A_427489_8_563* 1 7503
2333 CA_A_183354_4_448* 1 7504
2334 CA_A_928381_7_271* 1 7505
2335 CA_A_473669_4_612* 1 7506
2336 CA_A_419836_8_496* 1 7507
234 CA_A_204124_5_214* 1 885
2340 CA_A_188034_4_455* 1 7542
2341 CA_A_346064_5_266* 1 7543
2343 CA_A_629567_4_558* 1 7560
2344 CA_A_370672_7_536* 1 7561
2349 CA_A_145454_5_571* 1 7588
235 CA_A_280965_8_970* 1 886
2352 CA_A_369757_6_957* 1 7596
2356 CA_A_892686_7_709* 1 7639
2357 CA_A_168264_4_261* 1 7640
2359 CA_A_388897_3_624* 1 7651
236 CA_A_564750_7_51* 1 887
2360 CA_A_167367_4_780* 1 7652
2362 CA_A_635960_2_369* 1 7658
2363 CA_A_764018_7_604* 1 7659
2367 CA_A_364907_4_415* 1 7729
2369 CA_A_896560_2_219* 1 7733
237 CA_A_821567_1_764* 1 888
2370 CA_A_431283_2_727* 1 7734
2371 CA_A_897880_2_166* 1 7735
2372 CA_A_669736_6_90* 1 7736
2374 CA_A_346521_8_327* 1 7761
2375 CA_A_218931_8_462* 1 7762
2376 CA_A_426345_2_960* 1 7763
2377 CA_A_427316_4_923* 1 7764
2379 CA_A_176265_4_215* 1 7768
2380 CA_A_662092_1_465* 1 7769
2382 CA_A_893366_1_760* 1 7806
2383 CA_A_226557_2_114* 1 7807
2384 CA_A_101362_5_370* 1 7808
2385 CA_A_350533_1_633* 1 7809
2386 CA_A_344955_2_205* 1 7810
2387 CA_A_347829_1_167* 1 7811
2388 CA_A_445749_8_690* 1 7812
239 CA_A_65049_3_838* 1 891
2390 CA_A_106363_3_580* 1 7836
2391 CA_A_244527_5_648* 1 7837
2393 CA_A_475779_2_130* 1 7859
2395 CA_A_644731_2_895* 1 7871
2397 CA_A_368176_4_934* 1 7887
2399 CA_A_367965_2_452* 1 7897
24 CA_A_811443_7_240* 1 118
2404 CA_A_92589_7_845* 1 7938
2405 CA_A_352423_5_153* 1 7939
2406 CA_A_140999_8_53* 1 7940
2407 CA_A_156383_6_330* 1 7941
2409 CA_A_146652_2_803* 1 7946
241 CA_A_45122_6_825* 1 894
2411 CA_A_743332_4_822* 1 7967
244 CA_A_44084_1_49* 1 903
245 CA_A_454205_6_907* 1 904
246 CA_A_569951_4_223* 1 905
247 CA_A_461709_7_147* 1 906
248 CA_A_340370_4_973* 1 907
249 CA_A_600020_4_304* 1 908
25 CA_A_212983_1_175* 1 119
252 CA_A_462269_1_198* 1 913
253 CA_A_592059_8_343* 1 914
255 CA_A_316978_4_320* 1 917
256 CA_A_301875_5_750* 1 918
259 CA_A_698847_3_802* 1 924
26 CA_A_572473_2_839* 1 120
260 CA_A_53855_6_20* 1 925
261 CA_A_51548_1_921* 1 926
262 CA_A_554824_4_848* 1 927
265 CA_A_45901_5_494* 1 933
266 CA_A_458032_7_606* 1 934
267 CA_A_40216_2_200* 1 935
268 CA_A_846960_8_539* 1 936
269 CA_A_308948_4_313* 1 937
27 CA_A_287133_2_336* 1 121
270 CA_A_617273_6_55* 1 938
271 CA_A_721729_6_764* 1 939
272 CA_A_736159_4_928* 1 940
273 CA_A_712741_8_547* 1 941
276 CA_A_457714_4_485* 1 947
277 CA_A_819780_1_471* 1 948
278 CA_A_338583_7_282* 1 949
279 CA_A_572525_2_147* 1 950
280 CA_A_832497_6_908* 1 951
281 CA_A_493103_5_92* 1 952
282 CA_A_600971_7_658* 1 953
283 CA_A_215254_5_687* 1 954
284 CA_A_301809_5_517* 1 955
285 CA_A_289988_7_360* 1 956
287 CA_A_724165_3_823* 1 959
288 CA_A_497281_1_166* 1 960
289 CA_A_611159_5_356* 1 961
291 CA_A_814361_6_202* 1 979
292 CA_A_855332_1_93* 1 980
296 CA_A_824888_7_134* 1 991
297 CA_A_796788_4_744* 1 992
298 CA_A_860426_7_681* 1 993
3 CA_A_285435_8_278* 1 3
30 CA_A_830385_2_749* 1 131
300 CA_A_324692_1_33* 1 996
302 CA_A_27621_3_923* 1 999
306 CA_A_800902_3_360* 1 1014
307 CA_A_337332_3_63* 1 1015
31 CA_A_300511_8_292* 1 132
310 CA_A_716424_4_628* 1 1025
313 CA_A_770820_1_782* 1 1052
314 CA_A_592064_1_935* 1 1053
315 CA_A_281661_4_758* 1 1054
316 CA_A_323616_5_132* 1 1055
317 CA_A_462551_5_11* 1 1056
32 CA_A_801746_7_925* 1 133
321 CA_A_809818_7_7* 1 1074
322 CA_A_291278_7_826* 1 1075
323 CA_A_787179_8_84* 1 1076
325 CA_A_567320_7_916* 1 1086
326 CA_A_847183_8_246* 1 1087
328 CA_A_333683_8_493* 1 1095
33 CA_A_560242_3_930* 1 134
332 CA_A_589778_8_915* 1 1118
333 CA_A_326712_8_832* 1 1119
334 CA_A_785398_6_760* 1 1120
336 CA_A_700957_4_727* 1 1130
337 CA_A_840755_5_704* 1 1131
338 CA_A_572361_8_36* 1 1132
339 CA_A_451251_5_809* 1 1133
340 CA_A_779182_7_99* 1 1134
342 CA_A_790658_1_676* 1 1140
344 CA_A_788589_2_661* 1 1151
345 CA_A_840431_5_358* 1 1152
346 CA_A_627340_6_927* 1 1153
347 CA_A_565192_7_856* 1 1154
35 CA_A_778490_2_534* 1 156
351 CA_A_621735_5_17* 1 1192
352 CA_A_724466_5_846* 1 1193
356 CA_A_287760_5_397* 1 1207
359 CA_A_273900_3_653* 1 1228
36 CA_A_555031_2_772* 1 157
360 CA_A_203462_6_79* 1 1229
361 CA_A_324191_6_636* 1 1230
362 CA_A_818894_6_668* 1 1231
363 CA_A_779942_3_173* 1 1232
364 CA_A_735198_4_815* 1 1233
365 CA_A_608227_1_656* 1 1234
367 CA_A_498463_4_114* 1 1241
368 CA_A_556259_8_488* 1 1242
369 CA_A_831376_4_366* 1 1243
37 CA_A_587386_3_831* 1 158
371 CA_A_836149_3_102* 1 1246
373 CA_A_852308_5_771* 1 1253
375 CA_A_30902_3_810* 1 1256
376 CA_A_325256_6_463* 1 1257
379 CA_A_303185_3_501* 1 1273
380 CA_A_843596_8_299* 1 1274
381 CA_A_310254_6_569* 1 1275
382 CA_A_316278_1_605* 1 1276
383 CA_A_592002_2_48* 1 1277
388 CA_A_313874_8_419* 1 1310
389 CA_A_547730_6_52* 1 1311
39 CA_A_696533_3_516* 1 172
390 CA_A_512038_5_452* 1 1312
391 CA_A_832983_4_140* 1 1313
392 CA_A_299668_3_494* 1 1314
393 CA_A_588493_1_695* 1 1315
394 CA_A_831635_4_539* 1 1316
395 CA_A_510769_5_279* 1 1317
396 CA_A_572805_4_516* 1 1318
397 CA_A_323741_3_861* 1 1319
398 CA_A_628961_5_829* 1 1320
4 CA_A_843959_3_222* 1 4
40 CA_A_311757_7_261* 1 173
401 CA_A_310289_1_192* 1 1338
403 CA_A_496387_4_573* 1 1345
406 CA_A_504925_3_828* 1 1356
408 CA_A_454055_3_214* 1 1374
409 CA_A_454942_5_290* 1 1375
41 CA_A_789069_8_437* 1 174
410 CA_A_815211_8_398* 1 1376
411 CA_A_292069_7_939* 1 1377
412 CA_A_610652_3_393* 1 1378
413 CA_A_624923_7_153* 1 1379
414 CA_A_495304_1_685* 1 1380
415 CA_A_614482_3_679* 1 1381
416 CA_A_457405_7_80* 1 1382
417 CA_A_464512_8_591* 1 1383
418 CA_A_810128_5_450* 1 1384
419 CA_A_278193_8_158* 1 1385
420 CA_A_1011942_3_987* 1 1386
422 CA_A_1002729_2_649* 1 1394
424 CA_A_997562_3_55* 1 1397
425 CA_A_1003834_6_176* 1 1398
426 CA_A_1015671_7_687* 1 1399
427 CA_A_705248_8_21* 1 1400
428 CA_A_65687_8_862* 1 1401
429 CA_A_1002470_1_724* 1 1402
430 CA_A_997387_2_416* 1 1403
431 CA_A_1008679_7_507* 1 1404
433 CA_A_594435_1_762* 1 1407
434 CA_A_995778_1_664* 1 1408
435 CA_A_998005_3_574* 1 1409
436 CA_A_603667_5_289* 1 1410
438 CA_A_209950_2_506* 1 1421
439 CA_A_585213_6_606* 1 1422
442 CA_A_41111_5_148* 1 1430
444 CA_A_716243_3_410* 1 1433
445 CA_A_604144_6_101* 1 1434
446 CA_A_202870_5_620* 1 1435
447 CA_A_736062_6_372* 1 1436
448 CA_A_231431_1_655* 1 1437
449 CA_A_709059_5_260* 1 1438
45 CA_A_706516_5_426* 1 207
450 CA_A_324478_2_996* 1 1439
452 CA_A_51590_1_402* 1 1443
453 CA_A_55116_6_140* 1 1444
455 CA_A_776680_8_543* 1 1451
456 CA_A_704030_1_500* 1 1452
457 CA_A_580324_3_425* 1 1453
458 CA_A_559159_5_427* 1 1454
459 CA_A_691356_6_457* 1 1455
46 CA_A_576151_1_861* 1 208
461 CA_A_620676_6_348* 1 1458
462 CA_A_49096_2_553* 1 1459
463 CA_A_494017_7_920* 1 1460
467 CA_A_624268_1_843* 1 1473
469 CA_A_789984_2_714* 1 1477
47 CA_A_204320_2_905* 1 209
470 CA_A_309993_3_388* 1 1478
471 CA_A_458729_8_704* 1 1479
472 CA_A_697693_1_493* 1 1480
474 CA_A_1006137_3_867* 1 1489
475 CA_A_488202_4_393* 1 1490
476 CA_A_995617_7_380* 1 1491
477 CA_A_854893_5_884* 1 1492
479 CA_A_851794_6_869* 1 1495
480 CA_A_1011528_8_86* 1 1496
481 CA_A_696499_2_471* 1 1497
482 CA_A_457557_5_816* 1 1498
483 CA_A_463824_5_124* 1 1499
484 CA_A_549357_6_578* 1 1500
485 CA_A_506641_2_271* 1 1501
486 CA_A_1053044_8_407* 1 1502
487 CA_A_221420_7_597* 1 1503
488 CA_A_1015346_4_566* 1 1504
489 CA_A_1016000_4_912* 1 1505
49 CA_A_276726_2_668* 1 217
490 CA_A_572239_2_493* 1 1506
491 CA_A_703538_7_908* 1 1507
492 CA_A_566844_6_472* 1 1508
493 CA_A_294912_7_307* 1 1509
494 CA_A_847126_2_703* 1 1510
495 CA_A_297767_4_419* 1 1511
497 CA_A_811214_7_759* 1 1514
498 CA_A_703424_3_982* 1 1515
499 CA_A_288783_7_127* 1 1516
5 CA_A_582621_5_794* 1 5
50 CA_A_772274_7_897* 1 218
500 CA_A_995402_2_183* 1 1517
501 CA_A_1003552_6_868* 1 1518
502 CA_A_1000132_6_289* 1 1519
503 CA_A_1009189_1_39* 1 1520
504 CA_A_997248_8_824* 1 1521
505 CA_A_997743_5_417* 1 1522
506 CA_A_584748_7_930* 1 1523
507 CA_A_207736_3_830* 1 1524
508 CA_A_280751_7_699* 1 1525
509 CA_A_566145_3_990* 1 1526
51 CA_A_781814_4_271* 1 219
510 CA_A_706580_8_720* 1 1527
511 CA_A_869858_4_860* 1 1528
512 CA_A_876668_4_867* 1 1529
513 CA_A_338277_1_506* 1 1530
514 CA_A_339798_8_666* 1 1531
516 CA_A_729629_4_808* 1 1534
518 CA_A_332351_3_582* 1 1537
520 CA_A_564725_7_743* 1 1540
521 CA_A_621315_1_896* 1 1541
522 CA_A_558081_2_486* 1 1542
523 CA_A_837005_5_238* 1 1543
524 CA_A_822553_1_990* 1 1544
525 CA_A_508308_7_62* 1 1545
528 CA_A_558539_1_501* 1 1550
529 CA_A_608843_2_408* 1 1551
53 CA_A_699319_7_156* 1 222
530 CA_A_621148_5_762* 1 1552
531 CA_A_548533_3_457* 1 1553
532 CA_A_864205_2_950* 1 1554
533 CA_A_1609_3_962* 1 1555
534 CA_A_34166_8_548* 1 1556
535 CA_A_599178_1_183* 1 1557
536 CA_A_722618_8_148* 1 1558
539 CA_A_711158_5_486* 1 1564
540 CA_A_450611_7_20* 1 1565
541 CA_A_236033_1_196* 1 1566
542 CA_A_252547_7_851* 1 1567
544 CA_A_532682_8_8* 1 1570
545 CA_A_512828_2_391* 1 1571
546 CA_A_16999_7_556* 1 1572
55 CA_A_777946_2_361* 1 249
551 CA_A_10005_4_428* 1 1583
552 CA_A_521062_2_225* 1 1584
553 CA_A_122213_5_324* 1 1585
554 CA_A_20287_7_789* 1 1586
555 CA_A_496802_6_17* 1 1587
556 CA_A_331601_8_27* 1 1588
557 CA_A_598766_7_884* 1 1589
558 CA_A_508518_8_47* 1 1590
559 CA_A_1009785_6_755* 1 1591
56 CA_A_44872_6_938* 1 250
560 CA_A_500607_4_460* 1 1592
561 CA_A_489358_4_972* 1 1593
562 CA_A_778025_4_38* 1 1594
563 CA_A_494604_2_204* 1 1595
565 CA_A_500309_3_708* 1 1600
566 CA_A_573572_2_846* 1 1601
567 CA_A_561702_3_757* 1 1602
568 CA_A_503893_6_596* 1 1603
569 CA_A_504041_7_814* 1 1604
573 CA_A_535413_6_624* 1 1622
576 CA_A_492476_4_340* 1 1630
577 CA_A_293950_6_149* 1 1631
578 CA_A_520214_6_843* 1 1632
582 CA_A_459879_7_719* 1 1651
584 CA_A_448623_1_477* 1 1655
586 CA_A_447955_1_71* 1 1660
588 CA_A_463695_4_718* 1 1664
589 CA_A_599011_4_883* 1 1665
59 CA_A_208952_4_582* 1 275
593 CA_A_594560_2_627* 1 1675
594 CA_A_720268_4_914* 1 1676
596 CA_A_589518_6_666* 1 1680
597 CA_A_322143_7_960* 1 1681
598 CA_A_606547_3_499* 1 1682
60 CA_A_706854_5_659* 1 276
600 CA_A_552375_1_614* 1 1687
601 CA_A_332641_2_138* 1 1688
604 CA_A_717797_5_899* 1 1695
610 CA_A_628056_1_670* 1 1720
614 CA_A_589496_4_64* 1 1743
616 CA_A_124341_7_174* 1 1746
618 CA_A_598115_8_57* 1 1749
62 CA_A_785496_1_97* 1 279
622 CA_A_607281_8_929* 1 1777
623 CA_A_726086_4_169* 1 1778
627 CA_A_1003355_3_288* 1 1787
628 CA_A_338517_3_469* 1 1788
630 CA_A_1008075_2_137* 1 1794
634 CA_A_1005137_3_228* 1 1823
635 CA_A_1015863_1_911* 1 1824
636 CA_A_291769_1_185* 1 1825
637 CA_A_285256_6_375* 1 1826
639 CA_A_327546_4_906* 1 1830
64 CA_A_558854_8_29* 1 285
644 CA_A_273939_6_308* 1 1852
646 CA_A_2521_1_420* 1 1856
647 CA_A_10199_1_427* 1 1857
649 CA_A_121356_7_693* 1 1861
650 CA_A_536024_2_751* 1 1862
652 CA_A_23708_2_592* 1 1865
653 CA_A_4702_8_467* 1 1866
654 CA_A_534951_1_946* 1 1867
656 CA_A_618814_8_590* 1 1871
657 CA_A_330352_4_740* 1 1872
659 CA_A_296984_2_975* 1 1875
66 CA_A_798436_6_827* 1 295
660 CA_A_282601_3_427* 1 1876
661 CA_A_320135_2_244* 1 1877
662 CA_A_331873_7_102* 1 1878
663 CA_A_611095_6_507* 1 1879
666 CA_A_619432_2_701* 1 1888
670 CA_A_609874_2_62* 1 1912
672 CA_A_302360_3_441* 1 1917
673 CA_A_615056_1_543* 1 1918
675 CA_A_507749_6_663* 1 1922
677 CA_A_620947_6_920* 1 1930
678 CA_A_331197_2_717* 1 1931
680 CA_A_2646_8_121* 1 1948
682 CA_A_125542_1_112* 1 1951
683 CA_A_123787_6_768* 1 1952
684 CA_A_618960_8_71* 1 1953
685 CA_A_6619_4_774* 1 1954
686 CA_A_1009805_4_160* 1 1955
690 CA_A_279685_5_736* 1 1973
693 CA_A_547992_5_533* 1 1994
694 CA_A_613611_7_432* 1 1995
695 CA_A_458555_7_952* 1 1996
698 CA_A_526095_8_520* 1 2008
699 CA_A_470481_7_327* 1 2009
70 CA_A_859113_6_64* 1 322
701 CA_A_1003081_7_733* 1 2013
703 CA_A_1002848_5_657* 1 2016
704 CA_A_1051970_3_210* 1 2017
705 CA_A_218712_8_688* 1 2018
706 CA_A_1011089_3_175* 1 2019
707 CA_A_700525_5_652* 1 2020
709 CA_A_1012174_5_258* 1 2031
71 CA_A_48306_5_960* 1 323
710 CA_A_997898_1_438* 1 2032
711 CA_A_1005386_3_521* 1 2033
712 CA_A_704163_7_449* 1 2034
713 CA_A_1000854_3_860* 1 2035
714 CA_A_995534_2_762* 1 2036
716 CA_A_1004026_3_980* 1 2039
719 CA_A_1002678_8_79* 1 2049
721 CA_A_1003106_5_251* 1 2054
722 CA_A_1007745_1_498* 1 2055
723 CA_A_705325_6_5* 1 2056
725 CA_A_1009557_3_694* 1 2059
726 CA_A_837462_2_64* 1 2060
728 CA_A_288680_1_757* 1 2066
729 CA_A_298139_3_148* 1 2067
73 CA_A_297269_4_73* 1 329
731 CA_A_998905_5_131* 1 2071
732 CA_A_288554_1_930* 1 2072
733 CA_A_1009581_4_273* 1 2073
735 CA_A_297147_1_651* 1 2076
736 CA_A_839642_7_780* 1 2077
737 CA_A_583100_8_43* 1 2078
738 CA_A_548030_4_841* 1 2079
739 CA_A_838990_4_433* 1 2080
74 CA_A_211501_1_754* 1 330
740 CA_A_451820_5_230* 1 2081
741 CA_A_848099_1_665* 1 2082
742 CA_A_478755_8_372* 1 2083
744 CA_A_587562_1_63* 1 2086
745 CA_A_835187_7_487* 1 2087
746 CA_A_581753_3_192* 1 2088
747 CA_A_588123_4_470* 1 2089
748 CA_A_579244_8_908* 1 2090
749 CA_A_583072_5_621* 1 2091
75 CA_A_829558_8_179* 1 331
750 CA_A_848068_5_764* 1 2092
751 CA_A_847843_7_554* 1 2093
753 CA_A_829257_8_405* 1 2106
754 CA_A_562516_1_155* 1 2107
755 CA_A_843829_8_73* 1 2108
757 CA_A_579921_1_808* 1 2111
76 CA_A_790609_2_774* 1 332
760 CA_A_841009_5_298* 1 2120
761 CA_A_844178_2_357* 1 2121
762 CA_A_699007_7_502* 1 2122
763 CA_A_704624_8_660* 1 2123
765 CA_A_340786_8_839* 1 2126
766 CA_A_586198_8_742* 1 2127
769 CA_A_781610_2_248* 1 2132
77 CA_A_290869_3_547* 1 333
770 CA_A_231293_3_618* 1 2133
771 CA_A_236510_8_822* 1 2134
772 CA_A_222462_4_769* 1 2135
773 CA_A_794354_1_570* 1 2136
774 CA_A_577054_2_327* 1 2137
775 CA_A_585454_4_989* 1 2138
776 CA_A_577364_6_193* 1 2139
777 CA_A_705266_3_117* 1 2140
778 CA_A_698631_4_35* 1 2141
78 CA_A_847592_4_959* 1 334
780 CA_A_329264_4_733* 1 2148
781 CA_A_696809_5_419* 1 2149
783 CA_A_204258_3_597* 1 2156
785 CA_A_796923_4_857* 1 2163
790 CA_A_329148_8_779* 1 2178
791 CA_A_804501_6_947* 1 2179
793 CA_A_581214_4_636* 1 2184
795 CA_A_331251_4_214* 1 2187
796 CA_A_709482_7_855* 1 2188
797 CA_A_1018062_5_551* 1 2189
798 CA_A_1038022_8_972* 1 2190
799 CA_A_1030134_7_408* 1 2191
804 CA_A_1030862_1_53* 1 2205
806 CA_A_447083_2_222* 1 2208
807 CA_A_785283_7_219* 1 2209
808 CA_A_813470_3_893* 1 2210
809 CA_A_839616_5_591* 1 2211
810 CA_A_1011400_6_123* 1 2212
812 CA_A_696175_6_690* 1 2219
813 CA_A_828314_1_12* 1 2220
814 CA_A_813501_6_841* 1 2221
817 CA_A_857706_5_139* 1 2227
818 CA_A_856650_8_313* 1 2228
82 CA_A_62341_4_876* 1 369
820 CA_A_448336_3_320* 1 2231
821 CA_A_1011594_5_604* 1 2232
822 CA_A_324402_3_635* 1 2233
823 CA_A_460944_6_335* 1 2234
824 CA_A_339371_1_160* 1 2235
825 CA_A_796249_5_263* 1 2236
826 CA_A_321039_7_328* 1 2237
828 CA_A_1010850_4_559* 1 2240
829 CA_A_826698_8_119* 1 2241
831 CA_A_796489_1_277* 1 2246
832 CA_A_802834_6_481* 1 2247
834 CA_A_464841_3_567* 1 2256
835 CA_A_280031_5_157* 1 2257
837 CA_A_587996_1_356* 1 2260
838 CA_A_338996_6_876* 1 2261
84 CA_A_554194_8_368* 1 387
840 CA_A_577517_6_80* 1 2264
842 CA_A_1004960_2_536* 1 2269
845 CA_A_770553_1_143* 1 2276
846 CA_A_1007202_6_236* 1 2277
847 CA_A_997806_1_897* 1 2278
848 CA_A_448804_7_366* 1 2279
849 CA_A_576172_5_501* 1 2280
853 CA_A_704747_4_328* 1 2298
855 CA_A_495299_2_610* 1 2303
856 CA_A_830797_7_833* 1 2304
859 CA_A_503747_1_632* 1 2312
86 CA_A_803477_7_639* 1 408
861 CA_A_501009_7_348* 1 2318
864 CA_A_500989_3_595* 1 2328
865 CA_A_228232_8_123* 1 2329
866 CA_A_502228_8_619* 1 2330
87 CA_A_212242_4_236* 1 409
871 CA_A_498235_5_844* 1 2346
872 CA_A_506718_8_852* 1 2347
874 CA_A_492242_5_724* 1 2351
875 CA_A_500369_3_189* 1 2352
876 CA_A_491719_6_822* 1 2353
877 CA_A_488685_2_663* 1 2354
879 CA_A_504881_5_212* 1 2361
88 CA_A_551235_6_638* 1 410
880 CA_A_501614_1_399* 1 2362
881 CA_A_490010_6_356* 1 2363
882 CA_A_599954_1_416* 1 2364
883 CA_A_504581_1_752* 1 2365
886 CA_A_497278_4_54* 1 2379
887 CA_A_504148_1_925* 1 2380
888 CA_A_511255_6_610* 1 2381
889 CA_A_491300_6_70* 1 2382
89 CA_A_577787_6_426* 1 411
890 CA_A_488757_4_506* 1 2383
891 CA_A_502911_7_355* 1 2384
892 CA_A_503358_1_805* 1 2385
893 CA_A_489511_6_995* 1 2386
894 CA_A_816035_5_683* 1 2387
898 CA_A_1000591_8_711* 1 2394
899 CA_A_139316_2_217* 1 2395
90 CA_A_580645_5_734* 1 412
900 CA_A_223789_8_116* 1 2396
901 CA_A_166504_2_644* 1 2397
902 CA_A_149118_5_751* 1 2398
903 CA_A_172971_2_531* 1 2399
904 CA_A_229958_8_988* 1 2400
905 CA_A_350767_4_115* 1 2401
908 CA_A_148620_5_345* 1 2406
909 CA_A_1015410_1_731* 1 2407
911 CA_A_1007527_7_793* 1 2411
912 CA_A_1012579_1_791* 1 2412
914 CA_A_339243_7_861* 1 2415
915 CA_A_484257_4_792* 1 2416
916 CA_A_469275_3_800* 1 2417
917 CA_A_668460_4_819* 1 2418
918 CA_A_290310_5_224* 1 2419
919 CA_A_234148_2_926* 1 2420
92 CA_A_783258_3_519* 1 458
920 CA_A_240306_5_588* 1 2421
921 CA_A_687865_8_240* 1 2422
922 CA_A_231134_2_61* 1 2423
923 CA_A_668818_1_931* 1 2424
924 CA_A_339316_7_741* 1 2425
925 CA_A_235634_5_62* 1 2426
926 CA_A_801216_5_503* 1 2427
928 CA_A_677496_6_270* 1 2430
929 CA_A_471284_4_266* 1 2431
93 CA_A_805594_1_457* 1 459
930 CA_A_221554_3_724* 1 2432
931 CA_A_467484_6_801* 1 2433
932 CA_A_474679_8_718* 1 2434
933 CA_A_233631_5_242* 1 2435
935 CA_A_474255_1_551* 1 2438
936 CA_A_996636_1_145* 1 2439
937 CA_A_572122_3_824* 1 2440
938 CA_A_835178_6_968* 1 2441
939 CA_A_467442_2_702* 1 2442
94 CA_A_579398_1_462* 1 460
940 CA_A_997569_8_19* 1 2443
941 CA_A_676790_4_307* 1 2444
942 CA_A_4976_6_737* 1 2445
943 CA_A_380394_1_827* 1 2446
944 CA_A_737614_7_11* 1 2447
946 CA_A_1012284_2_370* 1 2450
947 CA_A_556022_4_156* 1 2451
948 CA_A_489730_4_220* 1 2452
949 CA_A_600288_7_538* 1 2453
95 CA_A_695553_8_307* 1 461
950 CA_A_583101_6_659* 1 2454
951 CA_A_598823_1_243* 1 2455
952 CA_A_334262_4_161* 1 2456
953 CA_A_602711_5_522* 1 2457
954 CA_A_329835_5_718* 1 2458
955 CA_A_599416_7_997* 1 2459
957 CA_A_490981_5_318* 1 2463
960 CA_A_490064_6_935* 1 2480
961 CA_A_512156_2_564* 1 2481
964 CA_A_496219_5_897* 1 2491
968 CA_A_497996_5_498* 1 2504
969 CA_A_489975_7_394* 1 2505
970 CA_A_850916_6_862* 1 2506
971 CA_A_455864_5_410* 1 2507
973 CA_A_333328_6_124* 1 2510
978 CA_A_453537_5_696* 1 2535
979 CA_A_209957_7_470* 1 2536
980 CA_A_329604_2_597* 1 2537
981 CA_A_322711_8_712* 1 2538
982 CA_A_838800_1_26* 1 2539
985 CA_A_578584_3_937* 1 2548
986 CA_A_281829_1_171* 1 2549
988 CA_A_297543_4_652* 1 2563
991 CA_A_277451_1_690* 1 2570
992 CA_A_447179_1_703* 1 2571
993 CA_A_829171_5_231* 1 2572
994 CA_A_451196_2_342* 1 2573
995 CA_A_830166_6_735* 1 2574
997 CA_A_834019_2_523* 1 2579
999 CA_A_328208_3_229* 1 2584
