1 CA_A_685951_1_945 286 286
2 CA_A_5821_1_194 231 517
3 CA_A_804866_1_983 91 608
4 CA_A_861586_1_559 43 651
5 CA_A_249806_1_496 39 690
6 CA_A_727901_1_687 38 728
7 CA_A_334665_1_153 14 742
8 CA_A_1012620_1_964 8 750
9 CA_A_509664_1_812 8 758
10 CA_A_450349_1_823 7 765
11 CA_A_575391_1_688 7 772
12 CA_A_322895_1_319 6 778
13 CA_A_491013_1_392 5 783
14 CA_A_513862_1_466 5 788
15 CA_A_795582_1_450 4 792
16 CA_A_495306_1_512 3 795
17 CA_A_770553_1_143 3 798
18 CA_A_829898_1_997 3 801
19 CA_A_167005_1_433 2 803
20 CA_A_288680_1_757 2 805
21 CA_A_41289_1_568 2 807
22 CA_A_567356_1_741 2 809
23 CA_A_711695_1_733 2 811
24 CA_A_821927_1_644 2 813
25 CA_A_1002470_1_724 1 814
26 CA_A_1009189_1_39 1 815
27 CA_A_1012579_1_791 1 816
28 CA_A_1013282_1_159 1 817
29 CA_A_1015410_1_731 1 818
30 CA_A_1015863_1_911 1 819
31 CA_A_10199_1_427 1 820
32 CA_A_1020779_1_858 1 821
33 CA_A_1030862_1_53 1 822
34 CA_A_1034372_1_519 1 823
35 CA_A_109565_1_737 1 824
36 CA_A_109975_1_331 1 825
37 CA_A_11146_1_600 1 826
38 CA_A_113698_1_391 1 827
39 CA_A_117303_1_684 1 828
40 CA_A_13124_1_547 1 829
41 CA_A_133586_1_59 1 830
42 CA_A_134472_1_405 1 831
43 CA_A_167330_1_952 1 832
44 CA_A_187394_1_620 1 833
45 CA_A_206222_1_694 1 834
46 CA_A_211501_1_754 1 835
47 CA_A_212612_1_581 1 836
48 CA_A_231431_1_655 1 837
49 CA_A_24157_1_494 1 838
50 CA_A_244109_1_489 1 839
51 CA_A_2521_1_420 1 840
52 CA_A_282087_1_404 1 841
53 CA_A_288554_1_930 1 842
54 CA_A_288579_1_810 1 843
55 CA_A_297147_1_651 1 844
56 CA_A_298493_1_591 1 845
57 CA_A_303003_1_538 1 846
58 CA_A_316278_1_605 1 847
59 CA_A_323476_1_725 1 848
60 CA_A_339371_1_160 1 849
61 CA_A_350567_1_460 1 850
62 CA_A_371586_1_647 1 851
63 CA_A_380394_1_827 1 852
64 CA_A_428366_1_463 1 853
65 CA_A_44084_1_49 1 854
66 CA_A_462269_1_198 1 855
67 CA_A_474255_1_551 1 856
68 CA_A_479053_1_904 1 857
69 CA_A_48394_1_515 1 858
70 CA_A_485667_1_272 1 859
71 CA_A_495304_1_685 1 860
72 CA_A_501614_1_399 1 861
73 CA_A_503358_1_805 1 862
74 CA_A_51548_1_921 1 863
75 CA_A_51590_1_402 1 864
76 CA_A_528320_1_939 1 865
77 CA_A_548800_1_667 1 866
78 CA_A_55647_1_635 1 867
79 CA_A_562371_1_275 1 868
80 CA_A_56369_1_116 1 869
81 CA_A_572072_1_109 1 870
82 CA_A_573722_1_455 1 871
83 CA_A_576151_1_861 1 872
84 CA_A_579398_1_462 1 873
85 CA_A_579921_1_808 1 874
86 CA_A_58229_1_289 1 875
87 CA_A_587562_1_63 1 876
88 CA_A_588493_1_695 1 877
89 CA_A_594435_1_762 1 878
90 CA_A_596574_1_10 1 879
91 CA_A_596761_1_589 1 880
92 CA_A_598823_1_243 1 881
93 CA_A_599954_1_416 1 882
94 CA_A_615056_1_543 1 883
95 CA_A_621315_1_896 1 884
96 CA_A_621672_1_204 1 885
97 CA_A_624268_1_843 1 886
98 CA_A_638939_1_218 1 887
99 CA_A_649404_1_52 1 888
100 CA_A_668818_1_931 1 889
101 CA_A_690180_1_546 1 890
102 CA_A_69255_1_995 1 891
103 CA_A_697693_1_493 1 892
104 CA_A_715897_1_793 1 893
105 CA_A_718167_1_740 1 894
106 CA_A_719981_1_800 1 895
107 CA_A_78039_1_130 1 896
108 CA_A_785203_1_556 1 897
109 CA_A_796489_1_277 1 898
110 CA_A_799375_1_803 1 899
111 CA_A_805594_1_457 1 900
112 CA_A_817038_1_411 1 901
113 CA_A_819780_1_471 1 902
114 CA_A_821567_1_764 1 903
115 CA_A_822553_1_990 1 904
116 CA_A_823652_1_877 1 905
117 CA_A_828314_1_12 1 906
118 CA_A_843642_1_951 1 907
119 CA_A_848099_1_665 1 908
120 CA_A_848581_1_552 1 909
121 CA_A_862112_1_965 1 910
122 CA_A_867789_1_566 1 911
123 CA_A_887374_1_520 1 912
124 CA_A_919733_1_661 1 913
125 CA_A_970654_1_124 1 914
126 CA_A_986145_1_311 1 915
127 CA_A_990429_1_25 1 916
128 CA_A_991952_1_431 1 917
129 CA_A_995778_1_664 1 918
130 CA_A_996636_1_145 1 919
