x OTU1 OTU2 OTU3 OTU4 OTU5 OTU6 OTU7 OTU8 OTU9 OTU10 OTU11 OTU12 OTU13 OTU14 OTU15 OTU16 OTU17 OTU18 OTU19 OTU20 OTU21 OTU22 OTU23 OTU24 OTU25 OTU26 OTU27 OTU28 OTU29 OTU30 OTU31 OTU32 OTU33 OTU34 OTU35 OTU36 OTU37 OTU38 OTU39 OTU40 
OTU1 
OTU2 0.221 
OTU3 0.012 0.225 
OTU4 0.184 0.146 0.181 
OTU5 0.221 0.169 0.223 0.079 
OTU6 0.194 0.151 0.198 0.070 0.081 
OTU7 0.226 0.172 0.228 0.079 0.010 0.084 
OTU8 0.259 0.315 0.261 0.253 0.259 0.264 0.264 
OTU9 0.265 0.290 0.261 0.251 0.252 0.269 0.262 0.098 
OTU10 0.352 0.372 0.356 0.333 0.317 0.328 0.326 0.334 0.357 
OTU11 0.329 0.339 0.344 0.330 0.346 0.344 0.347 0.310 0.310 0.381 
OTU12 0.200 0.222 0.192 0.128 0.127 0.139 0.136 0.233 0.239 0.319 0.331 
OTU13 0.275 0.296 0.275 0.245 0.262 0.290 0.267 0.066 0.130 0.309 0.297 0.244 
OTU14 0.112 0.236 0.112 0.188 0.228 0.194 0.232 0.282 0.262 0.345 0.348 0.182 0.290 
OTU15 0.273 0.305 0.265 0.267 0.266 0.279 0.272 0.106 0.052 0.336 0.302 0.251 0.132 0.262 
OTU16 0.202 0.216 0.202 0.146 0.152 0.158 0.161 0.265 0.261 0.328 0.333 0.048 0.263 0.193 0.267 
OTU17 0.340 0.372 0.339 0.308 0.318 0.331 0.318 0.334 0.359 0.385 0.392 0.316 0.357 0.326 0.352 0.343 
OTU18 0.243 0.290 0.247 0.241 0.247 0.223 0.251 0.222 0.249 0.331 0.313 0.211 0.262 0.227 0.251 0.242 0.303 
OTU19 0.180 0.142 0.177 0.018 0.085 0.063 0.085 0.264 0.260 0.340 0.339 0.130 0.262 0.187 0.272 0.144 0.326 0.248 
OTU20 0.299 0.292 0.303 0.263 0.270 0.295 0.275 0.256 0.262 0.321 0.348 0.257 0.242 0.295 0.265 0.277 0.339 0.258 0.268 
OTU21 0.182 0.205 0.189 0.153 0.179 0.153 0.191 0.265 0.267 0.333 0.331 0.127 0.279 0.175 0.277 0.139 0.287 0.204 0.155 0.271 
OTU22 0.298 0.300 0.302 0.254 0.262 0.287 0.264 0.243 0.274 0.331 0.331 0.263 0.248 0.303 0.273 0.282 0.311 0.247 0.262 0.073 0.284 
OTU23 0.212 0.158 0.209 0.062 0.033 0.071 0.038 0.253 0.245 0.336 0.337 0.121 0.257 0.210 0.259 0.140 0.315 0.236 0.075 0.260 0.175 0.266 
OTU24 0.286 0.316 0.294 0.279 0.286 0.294 0.298 0.285 0.275 0.328 0.302 0.261 0.266 0.264 0.284 0.290 0.327 0.268 0.301 0.275 0.278 0.286 0.276 
OTU25 0.188 0.137 0.184 0.024 0.085 0.066 0.085 0.262 0.258 0.327 0.331 0.132 0.260 0.184 0.270 0.147 0.319 0.246 0.021 0.270 0.157 0.264 0.065 0.291 
OTU26 0.281 0.306 0.283 0.257 0.264 0.275 0.269 0.085 0.137 0.342 0.271 0.233 0.085 0.273 0.156 0.254 0.350 0.237 0.262 0.247 0.276 0.249 0.256 0.260 0.264 
OTU27 0.286 0.306 0.287 0.257 0.264 0.275 0.269 0.082 0.134 0.342 0.275 0.237 0.082 0.277 0.152 0.258 0.350 0.240 0.262 0.251 0.280 0.253 0.256 0.264 0.264 0.003 
OTU28 0.218 0.214 0.220 0.191 0.177 0.191 0.185 0.274 0.273 0.327 0.321 0.137 0.278 0.207 0.280 0.146 0.321 0.231 0.191 0.251 0.144 0.249 0.184 0.285 0.184 0.270 0.275 
OTU29 0.261 0.289 0.263 0.240 0.268 0.243 0.271 0.161 0.180 0.319 0.327 0.220 0.180 0.263 0.200 0.235 0.297 0.223 0.245 0.228 0.226 0.236 0.248 0.245 0.251 0.171 0.174 0.227 
OTU30 0.261 0.305 0.263 0.243 0.252 0.242 0.250 0.177 0.201 0.353 0.309 0.247 0.208 0.272 0.202 0.271 0.278 0.203 0.250 0.238 0.253 0.219 0.243 0.270 0.256 0.166 0.170 0.247 0.152 
OTU31 0.186 0.134 0.182 0.022 0.082 0.064 0.082 0.256 0.254 0.324 0.326 0.130 0.254 0.182 0.263 0.146 0.317 0.243 0.025 0.267 0.155 0.260 0.064 0.284 0.004 0.262 0.262 0.182 0.248 0.253 
OTU32 0.106 0.234 0.116 0.179 0.192 0.197 0.196 0.254 0.267 0.336 0.359 0.186 0.254 0.121 0.277 0.199 0.299 0.250 0.183 0.266 0.178 0.263 0.192 0.273 0.179 0.281 0.285 0.194 0.237 0.258 0.177 
OTU33 0.269 0.312 0.271 0.249 0.246 0.271 0.250 0.063 0.134 0.327 0.301 0.237 0.074 0.266 0.139 0.264 0.349 0.235 0.260 0.239 0.280 0.237 0.241 0.268 0.262 0.045 0.048 0.268 0.172 0.171 0.259 0.262 
OTU34 0.290 0.322 0.292 0.278 0.286 0.268 0.287 0.199 0.223 0.328 0.321 0.252 0.212 0.277 0.250 0.278 0.290 0.250 0.289 0.260 0.269 0.262 0.274 0.248 0.287 0.193 0.197 0.251 0.094 0.173 0.284 0.270 0.197 
OTU35 0.203 0.141 0.199 0.042 0.090 0.066 0.087 0.272 0.266 0.338 0.327 0.137 0.272 0.189 0.272 0.154 0.336 0.242 0.030 0.270 0.150 0.264 0.080 0.299 0.027 0.270 0.270 0.190 0.255 0.250 0.031 0.192 0.268 0.285 
OTU36 0.188 0.137 0.184 0.024 0.085 0.066 0.085 0.262 0.258 0.327 0.331 0.132 0.260 0.184 0.270 0.147 0.319 0.246 0.021 0.270 0.157 0.264 0.065 0.291 0.000 0.264 0.264 0.184 0.251 0.256 0.004 0.179 0.262 0.287 0.027 
OTU37 0.188 0.137 0.184 0.024 0.085 0.066 0.085 0.262 0.258 0.327 0.331 0.132 0.260 0.184 0.270 0.147 0.319 0.246 0.021 0.270 0.157 0.264 0.065 0.291 0.000 0.264 0.264 0.184 0.251 0.256 0.004 0.179 0.262 0.287 0.027 0.000 
OTU38 0.104 0.232 0.107 0.186 0.222 0.196 0.226 0.287 0.268 0.341 0.358 0.191 0.291 0.015 0.270 0.192 0.337 0.230 0.185 0.293 0.181 0.295 0.208 0.271 0.182 0.282 0.286 0.201 0.270 0.268 0.180 0.113 0.270 0.292 0.191 0.182 0.182 
OTU39 0.202 0.162 0.206 0.077 0.087 0.009 0.091 0.264 0.269 0.333 0.347 0.146 0.290 0.200 0.279 0.167 0.332 0.223 0.072 0.291 0.161 0.289 0.077 0.292 0.074 0.275 0.275 0.199 0.247 0.246 0.072 0.203 0.271 0.272 0.074 0.074 0.074 0.202 
OTU40 0.184 0.134 0.181 0.021 0.082 0.062 0.082 0.258 0.254 0.322 0.326 0.128 0.256 0.180 0.265 0.144 0.315 0.242 0.024 0.265 0.153 0.260 0.062 0.286 0.003 0.260 0.260 0.180 0.247 0.251 0.001 0.175 0.257 0.282 0.030 0.003 0.003 0.178 0.071 
