2588 AF_A_2557_2_108* 238 11185
2306 AF_A_6212_2_65* 198 8799
3037 BM_A_544_4_29* 155 13389
2690 AF_A_8189_2_47* 147 12049
389 BI_A_8046_3_120* 147 1818
3534 BB_A_12894_3_255* 145 16248
2445 AF_A_19861_2_172* 125 9800
3272 BB_A_7313_3_151* 125 14659
3448 BB_A_4409_3_325* 106 15737
260 BI_A_12772_3_6* 102 1019
2241 AF_A_37630_2_17* 101 8161
1812 AM_A_22767_4_30* 100 6114
186 BI_A_3294_3_1* 97 616
3730 AX_A_26330_2_50* 95 17165
2059 AM_A_9311_4_16* 89 7425
2414 AF_A_32907_2_92* 88 9503
2552 AF_A_17131_2_116* 86 10782
2522 AF_A_33689_2_166* 85 10473
4063 AX_A_9656_2_290* 85 18546
4402 AX_A_29492_2_67* 80 19792
943 BB_A_19477_3_48* 78 3782
854 BB_A_6909_3_596* 77 3272
2615 AF_A_26255_2_12* 75 11346
3599 BB_B_19977_3_326* 75 16633
1931 AM_A_19294_4_151* 74 6732
2978 BB_A_18285_3_239* 73 13034
2490 AF_A_11700_2_177* 72 10173
3124 BB_A_18909_3_659* 71 13924
3633 BF_A_18388_3_117* 71 16796
3515 BF_A_14136_3_164* 70 16070
2529 AF_A_7901_2_100* 69 10571
2669 AF_A_37661_2_77* 69 11843
3151 BB_A_2691_3_202* 68 14041
2272 AF_A_8520_2_460* 67 8399
2538 AF_A_11453_2_57* 67 10653
331 BI_A_11342_3_24* 67 1424
3342 BB_A_4636_3_46* 64 15088
2254 AF_A_30929_2_50* 63 8248
3103 BF_A_5878_3_325* 63 13756
2661 AF_A_5569_2_743* 60 11674
2364 AF_A_5773_2_171* 59 9109
3335 BB_A_6880_3_942* 58 15011
3116 BF_A_17657_3_96* 57 13843
2095 AM_A_6054_4_91* 55 7616
3854 AX_A_31732_2_356* 53 17650
2751 AQ_A_9264_1_177* 50 12431
3764 AX_A_32061_2_77* 50 17309
2504 AF_A_10085_2_202* 48 10342
2666 AF_A_37980_2_483* 48 11771
2495 AF_A_31020_2_516* 47 10236
3612 BB_A_19623_3_288* 47 16694
2484 AF_A_29305_2_654* 46 10083
128 BI_A_1595_3_252* 45 294
2262 AQ_A_11339_1_254* 45 8311
2664 AF_A_37692_2_769* 45 11721
3386 BB_B_13320_3_172* 45 15304
4018 AX_A_19480_2_62* 45 18259
1773 AM_A_1552_4_297* 44 5820
2409 AF_A_6933_2_252* 43 9406
3295 BB_B_10901_3_116* 43 14759
3402 BM_A_17967_4_386* 43 15437
3571 BB_A_7907_3_172* 43 16406
2020 AM_A_19165_4_317* 42 7172
3327 BB_A_12949_3_428* 41 14940
1834 AM_A_23146_4_383* 40 6217
4337 AX_A_16180_2_38* 40 19481
1785 AM_A_1775_4_18* 39 5904
321 BI_A_10334_3_695* 39 1322
828 BB_A_13840_3_177* 39 3108
1875 AM_A_21080_4_34* 38 6430
3468 BF_A_26321_3_694* 37 15813
3672 AX_A_18427_2_154* 37 16907
2432 BU_B_33750_4_515* 36 9615
2451 AF_A_13910_2_46* 36 9858
3166 BB_A_16828_3_529* 36 14098
4011 AX_A_32803_2_264* 36 18200
2297 AF_A_12455_2_830* 35 8586
2422 AF_A_19913_2_864* 35 9561
2633 AF_A_16220_2_787* 35 11416
3594 BB_A_16078_3_321* 35 16548
886 AX_A_6348_2_33* 35 3479
2727 AF_A_27191_2_898* 34 12248
1846 AM_A_4384_4_215* 33 6285
3218 BF_A_22078_3_974* 33 14324
4036 AX_A_31795_2_183* 33 18352
4089 AX_B_33983_2_710* 33 18640
2026 AM_A_9393_4_136* 32 7211
2656 AF_A_15235_2_367* 32 11587
3088 BB_B_30760_3_984* 32 13642
1918 AM_A_1163_4_689* 31 6637
2003 AM_A_7393_4_73* 31 7082
298 BI_A_14668_3_281* 31 1195
3240 BF_B_13879_3_902* 31 14430
3795 AX_B_36634_2_67* 31 17452
1779 AM_A_16668_4_187* 30 5856
1997 AM_A_16910_4_134* 30 7044
2280 AF_A_15980_2_674* 30 8438
2573 AF_A_8955_2_121* 30 10880
3198 BB_A_17530_3_490* 30 14240
3426 BF_A_25628_3_620* 30 15545
