3534 44 638
3037 41 106
3272 22 330
3124 20 215
3633 19 765
3599 17 726
2978 16 19
3151 16 241
3730 14 803
3448 13 520
3515 11 585
4063 11 908
3051 10 126
3327 10 387
3335 10 399
3612 10 738
3008 9 40
3103 9 178
3166 9 253
3468 9 535
3571 9 674
3854 9 841
3342 8 410
3371 8 441
3402 8 475
3576 8 684
3594 8 709
4402 8 993
3116 7 194
3198 7 274
3386 7 450
3481 7 543
3045 6 116
3069 6 139
3426 6 492
3582 6 694
3065 5 133
3088 5 160
3095 5 167
3218 5 284
3249 5 299
3295 5 353
3317 5 369
3324 5 377
3486 5 548
3491 5 560
3492 5 565
4089 5 919
4337 5 973
3012 4 48
3078 4 149
3080 4 153
3193 4 267
3240 4 293
3264 4 306
3306 4 360
3388 4 454
3390 4 458
3397 4 465
3437 4 502
3495 4 570
3536 4 642
3541 4 650
3580 4 688
3773 4 815
3877 4 847
3907 4 858
4018 4 883
4313 4 963
3006 3 31
3018 3 53
3073 3 142
3077 3 145
3108 3 183
3131 3 220
3182 3 258
3207 3 277
3275 3 335
3292 3 347
3313 3 364
3344 3 413
3369 3 433
3393 3 461
3409 3 479
3415 3 483
3441 3 505
3488 3 552
3585 3 697
3619 3 742
3672 3 774
3693 3 778
3695 3 781
3702 3 785
3881 3 850
3901 3 854
4011 3 878
4029 3 888
4036 3 893
4099 3 923
4233 3 935
4295 3 956
4373 3 984
2899 2 3
3002 2 26
3003 2 28
3010 2 43
3014 2 50
3026 2 55
3033 2 61
3035 2 64
3107 2 180
3113 2 187
3142 2 222
3190 2 261
3284 2 339
3288 2 343
3302 2 355
3338 2 401
3356 2 419
3359 2 422
3361 2 424
3368 2 430
3430 2 494
3433 2 496
3435 2 498
3490 2 555
3528 2 591
3539 2 645
3547 2 654
3557 2 657
3560 2 661
3588 2 699
3634 2 767
3636 2 769
3783 2 819
3815 2 827
3864 2 843
3988 2 867
3991 2 869
4002 2 872
4008 2 875
4066 2 910
4107 2 925
4241 2 938
4244 2 940
4260 2 944
4269 2 948
4272 2 950
4276 2 952
4305 2 958
4359 2 978
4364 2 981
4403 2 995
2213 1 1
2985 1 20
2987 1 21
2990 1 22
2995 1 23
2998 1 24
3009 1 41
3011 1 44
3027 1 56
3028 1 57
3029 1 58
3032 1 59
3034 1 62
3036 1 65
3038 1 107
3039 1 108
3040 1 109
3043 1 110
3052 1 127
3055 1 128
3085 1 154
3087 1 155
3089 1 161
3090 1 162
3096 1 168
3097 1 169
3110 1 184
3112 1 185
3120 1 195
3125 1 216
3127 1 217
3145 1 223
3148 1 224
3149 1 225
3152 1 242
3156 1 243
3159 1 244
3176 1 254
3180 1 255
3187 1 259
3191 1 262
3192 1 263
3212 1 278
3217 1 279
3219 1 285
3228 1 286
3231 1 287
3233 1 288
3237 1 289
3247 1 294
3251 1 300
3254 1 301
3255 1 302
3265 1 307
3267 1 308
3273 1 331
3274 1 332
3277 1 336
3279 1 337
3285 1 340
3286 1 341
3289 1 344
3293 1 348
3303 1 356
3307 1 361
3318 1 370
3319 1 371
3323 1 372
3329 1 388
3331 1 389
3341 1 402
3347 1 414
3349 1 415
3351 1 416
3355 1 417
3358 1 420
3362 1 425
3364 1 426
3365 1 427
3366 1 428
3377 1 442
3381 1 443
3398 1 466
3401 1 467
3405 1 476
3413 1 480
3417 1 484
3419 1 485
3420 1 486
3446 1 506
3447 1 507
3449 1 521
3453 1 522
3459 1 523
3463 1 524
3465 1 525
3467 1 526
3469 1 536
3487 1 549
3489 1 553
3493 1 566
3497 1 571
3509 1 572
3510 1 573
3511 1 574
3518 1 586
3522 1 587
3525 1 588
3526 1 589
3529 1 592
3530 1 593
3533 1 594
3538 1 643
3540 1 646
3543 1 651
3544 1 652
3549 1 655
3558 1 658
3559 1 659
3562 1 662
3563 1 663
3564 1 664
3566 1 665
3572 1 675
3573 1 676
3590 1 700
3592 1 701
3606 1 727
3608 1 728
3613 1 739
3620 1 743
3621 1 744
3623 1 745
3626 1 746
3637 1 770
3639 1 771
3674 1 775
3696 1 782
3713 1 786
3717 1 787
3718 1 788
3721 1 789
3731 1 804
3734 1 805
3742 1 806
3748 1 807
3755 1 808
3757 1 809
3769 1 810
3772 1 811
3776 1 816
3782 1 817
3790 1 820
3791 1 821
3795 1 822
3803 1 823
3809 1 824
3810 1 825
3818 1 828
3819 1 829
3848 1 830
3850 1 831
3851 1 832
3884 1 851
3908 1 859
3916 1 860
3924 1 861
3929 1 862
3949 1 863
3961 1 864
3963 1 865
4001 1 870
4007 1 873
4012 1 879
4021 1 884
4023 1 885
4031 1 889
4033 1 890
4037 1 894
4049 1 895
4060 1 896
4061 1 897
4067 1 911
4072 1 912
4076 1 913
4086 1 914
4095 1 920
4109 1 926
4157 1 927
4173 1 928
4206 1 929
4208 1 930
4210 1 931
4232 1 932
4237 1 936
4249 1 941
4250 1 942
4261 1 945
4267 1 946
4292 1 953
4308 1 959
4315 1 964
4320 1 965
4325 1 966
4327 1 967
4335 1 968
4342 1 974
4345 1 975
4353 1 976
4363 1 979
4396 1 985
4409 1 996
4410 1 997
4411 1 998
4415 1 999
