2588 34 694
2690 31 878
2306 28 169
2445 23 433
2615 22 726
2538 21 620
2241 19 50
2262 18 87
2414 18 368
2490 17 518
2552 17 645
2661 17 802
2522 16 578
2529 16 599
2379 15 266
2409 15 349
2495 15 537
2272 14 105
2388 14 292
2484 14 497
2751 14 974
2254 13 66
2364 13 235
2669 13 840
2656 12 778
2664 12 814
2666 12 826
2432 10 394
2344 9 199
2396 9 312
2482 9 483
2646 9 757
2285 8 121
2376 8 250
2395 8 303
2469 8 452
2711 8 897
2422 7 382
2435 7 404
2451 7 440
2504 7 556
2727 7 919
2743 7 952
2753 7 982
1745 6 16
2280 6 112
2297 6 137
2385 6 278
2481 6 474
2497 6 543
2658 6 784
2717 6 907
2735 6 929
2355 5 214
2358 5 220
2400 5 323
2404 5 331
2476 5 460
2501 5 549
2542 5 625
2739 5 938
2740 5 943
2746 5 959
2754 5 987
2312 4 176
2380 4 270
2492 4 522
2633 4 733
2638 4 741
2649 4 761
2761 4 997
2228 3 28
2229 3 31
2269 3 91
2305 3 141
2345 3 202
2397 3 315
2399 3 318
2417 3 373
2433 3 397
2440 3 409
2478 3 464
2480 3 468
2526 3 583
2562 3 652
2640 3 745
2650 3 764
2714 3 901
2733 3 923
2737 3 933
2755 3 990
1742 2 8
2287 2 124
2289 2 126
2292 2 129
2313 2 178
2314 2 180
2322 2 183
2333 2 186
2341 2 189
2347 2 204
2348 2 206
2349 2 208
2365 2 237
2366 2 239
2403 2 326
2408 2 334
2486 2 499
2554 2 647
2580 2 657
2612 2 703
2689 2 847
2693 2 882
2695 2 884
2720 2 910
2760 2 993
2763 2 999
1735 1 1
1737 1 2
1738 1 3
1739 1 4
1740 1 5
1741 1 6
1743 1 9
1744 1 10
1746 1 17
1747 1 18
2181 1 19
2183 1 20
2184 1 21
2203 1 22
2206 1 23
2216 1 24
2227 1 25
2242 1 51
2245 1 52
2246 1 53
2255 1 67
2256 1 68
2260 1 69
2268 1 88
2278 1 106
2281 1 113
2286 1 122
2290 1 127
2295 1 130
2296 1 131
2303 1 138
2307 1 170
2309 1 171
2310 1 172
2320 1 181
2325 1 184
2338 1 187
2343 1 190
2354 1 209
2356 1 215
2359 1 221
2362 1 222
2368 1 240
2371 1 241
2372 1 242
2378 1 251
2382 1 271
2383 1 272
2390 1 293
2393 1 294
2394 1 295
2402 1 324
2407 1 332
2410 1 350
2415 1 369
2416 1 370
2419 1 374
2420 1 375
2426 1 383
2428 1 384
2437 1 405
2439 1 406
2442 1 410
2458 1 441
2463 1 442
2464 1 443
2466 1 444
2470 1 453
2472 1 454
2475 1 455
2477 1 461
2479 1 465
2488 1 500
2489 1 501
2500 1 544
2508 1 557
2510 1 558
2511 1 559
2514 1 560
2518 1 561
2520 1 562
2523 1 579
2525 1 580
2543 1 626
2545 1 627
2549 1 628
2557 1 648
2559 1 649
2572 1 653
2576 1 654
2577 1 655
2581 1 658
2585 1 659
2586 1 660
2593 1 695
2595 1 696
2596 1 697
2601 1 698
2606 1 699
2609 1 700
2611 1 701
2613 1 704
2625 1 727
2627 1 728
2628 1 729
2634 1 734
2635 1 735
2636 1 736
2637 1 737
2639 1 742
2642 1 746
2643 1 747
2644 1 748
2652 1 765
2653 1 766
2659 1 785
2668 1 827
2671 1 841
2672 1 842
2673 1 843
2687 1 844
2688 1 845
2691 1 879
2692 1 880
2696 1 885
2698 1 886
2700 1 887
2709 1 888
2710 1 889
2713 1 898
2719 1 908
2721 1 911
2724 1 912
2728 1 920
2736 1 930
2741 1 944
2742 1 945
2744 1 953
2745 1 954
2750 1 960
2752 1 975
2758 1 991
2765 1 1000
