389 100 904
260 68 486
186 58 278
331 35 681
128 25 137
321 18 630
362 14 751
228 12 350
292 12 548
417 12 961
240 11 382
283 11 531
369 11 767
409 11 940
169 10 202
301 10 582
202 9 300
208 9 312
218 9 332
247 9 400
308 9 597
358 9 726
293 8 556
298 8 570
156 7 174
178 7 212
21 7 25
213 7 321
234 7 363
237 6 370
261 6 492
265 6 501
271 6 511
313 6 603
343 6 700
344 6 706
361 6 737
137 5 153
245 5 390
251 5 408
318 5 609
324 5 635
329 5 645
357 5 717
360 5 731
373 5 776
375 5 783
386 5 803
134 4 148
1391 4 990
165 4 189
182 4 218
188 4 283
26 4 33
295 4 561
336 4 689
37 4 44
377 4 787
379 4 792
393 4 911
399 4 921
408 4 929
412 4 948
75 4 75
11 3 10
132 3 144
145 3 160
153 3 166
158 3 178
159 3 181
221 3 335
258 3 415
259 3 418
266 3 504
280 3 519
328 3 640
345 3 709
39 3 47
411 3 944
45 3 56
86 3 85
88 3 89
115 2 106
1160 2 975
12 2 12
129 2 139
1395 2 994
14 2 15
144 2 157
151 2 162
160 2 183
180 2 214
192 2 287
2 2 2
206 2 303
229 2 352
248 2 402
262 2 494
290 2 535
30 2 37
300 2 572
302 2 584
305 2 586
319 2 611
33 2 39
333 2 683
335 2 685
337 2 691
364 2 753
372 2 771
374 2 778
385 2 798
397 2 916
42 2 51
53 2 58
6 2 5
83 2 81
94 2 94
100 1 96
101 1 97
102 1 98
1026 1 964
104 1 99
105 1 100
106 1 101
109 1 102
1095 1 965
1103 1 966
112 1 103
113 1 104
1138 1 967
1151 1 968
1152 1 969
1154 1 970
1155 1 971
1157 1 972
1158 1 973
1161 1 976
117 1 107
1182 1 977
1204 1 978
121 1 108
123 1 109
125 1 110
126 1 111
127 1 112
1271 1 979
1287 1 980
1292 1 981
1294 1 982
13 1 13
130 1 140
131 1 141
1317 1 983
1320 1 984
1384 1 985
1385 1 986
139 1 154
1392 1 991
1393 1 992
143 1 155
1439 1 995
15 1 16
152 1 163
155 1 167
157 1 175
161 1 184
164 1 185
166 1 190
167 1 191
168 1 192
17 1 17
171 1 203
173 1 204
1732 1 996
174 1 205
183 1 219
184 1 220
187 1 279
189 1 284
19 1 18
191 1 285
195 1 288
196 1 289
197 1 290
200 1 291
203 1 301
209 1 313
210 1 314
215 1 322
216 1 323
22 1 26
223 1 336
224 1 337
225 1 338
23 1 27
230 1 353
231 1 354
232 1 355
233 1 356
235 1 364
238 1 371
24 1 28
241 1 383
243 1 384
244 1 385
246 1 391
25 1 29
250 1 403
253 1 409
254 1 410
255 1 411
257 1 412
263 1 495
27 1 34
270 1 505
272 1 512
273 1 513
274 1 514
277 1 515
278 1 516
28 1 35
281 1 520
2816 1 997
2817 1 998
284 1 532
2870 1 999
288 1 533
291 1 536
294 1 557
296 1 562
3 1 3
306 1 587
307 1 588
316 1 604
320 1 612
325 1 636
326 1 637
330 1 646
338 1 692
34 1 40
340 1 693
342 1 694
3445 1 1000
347 1 710
348 1 711
349 1 712
365 1 754
367 1 755
368 1 756
370 1 768
371 1 769
378 1 788
380 1 793
381 1 794
382 1 795
383 1 796
388 1 804
390 1 905
391 1 906
392 1 907
394 1 912
395 1 913
396 1 914
398 1 917
40 1 48
402 1 922
403 1 923
406 1 924
407 1 925
41 1 49
410 1 941
416 1 949
43 1 52
44 1 53
516 1 962
55 1 59
56 1 60
58 1 61
59 1 62
61 1 63
62 1 64
622 1 963
64 1 65
65 1 66
67 1 67
7 1 6
70 1 68
72 1 69
73 1 70
74 1 71
77 1 76
79 1 77
8 1 7
81 1 78
82 1 79
85 1 82
87 1 86
90 1 90
91 1 91
92 1 92
95 1 95
