2588 82 718
2306 61 185
2445 34 384
2690 34 893
2529 27 555
2241 25 31
2552 23 602
2669 23 856
2522 21 517
2490 19 453
2414 18 310
2751 16 980
2272 15 75
2422 14 328
2364 13 255
2661 13 815
2262 12 57
2504 11 488
2633 11 756
2666 11 833
2254 10 45
2526 9 527
2538 9 566
2542 9 577
2615 9 739
2635 9 768
2727 9 941
2280 8 84
2285 8 93
2484 8 429
2497 8 468
2501 8 477
2656 8 797
2297 7 121
2432 7 340
2287 6 99
2289 6 106
2482 6 421
2495 6 460
2595 6 726
2664 6 822
2717 6 925
2292 5 114
2349 5 232
2355 5 237
2409 5 292
2476 5 406
2486 5 434
2580 5 628
2586 5 636
2650 5 787
2658 5 802
2735 5 950
2312 4 193
2341 4 216
2345 4 222
2358 4 242
2388 4 265
2395 4 271
2435 4 345
2451 4 390
2469 4 396
2475 4 401
2480 4 411
2481 4 415
2510 4 495
2691 4 897
2714 4 918
2720 4 929
2733 4 945
2746 4 963
2754 4 987
2763 4 998
2290 3 109
2310 3 188
2333 3 208
2348 3 227
2379 3 259
2396 3 274
2404 3 283
2554 3 606
2562 3 615
2634 3 759
2638 3 773
2649 3 782
2694 3 902
2743 3 958
2753 3 983
2755 3 990
2305 2 124
2322 2 197
2327 2 202
2344 2 218
2399 2 278
2408 2 287
2415 2 312
2417 2 314
2426 2 332
2440 2 347
2556 2 609
2557 2 611
2576 2 620
2579 2 623
2617 2 741
2636 2 770
2646 2 778
2689 2 859
2697 2 905
2704 2 909
2705 2 911
2737 2 952
2740 2 955
2761 2 994
2766 2 1000
1736 1 1
2187 1 2
2193 1 3
2207 1 4
2210 1 5
2212 1 6
2243 1 32
2247 1 33
2248 1 34
2253 1 35
2263 1 58
2267 1 59
2269 1 60
2273 1 76
2282 1 85
2288 1 100
2304 1 122
2311 1 189
2314 1 194
2318 1 195
2323 1 198
2324 1 199
2326 1 200
2329 1 203
2331 1 204
2332 1 205
2334 1 209
2336 1 210
2337 1 211
2339 1 212
2346 1 223
2347 1 224
2357 1 238
2376 1 256
2385 1 260
2386 1 261
2389 1 266
2392 1 267
2397 1 275
2398 1 276
2400 1 279
2401 1 280
2405 1 284
2406 1 285
2424 1 329
2425 1 330
2429 1 333
2433 1 341
2441 1 348
2442 1 349
2444 1 350
2446 1 385
2448 1 386
2459 1 391
2467 1 392
2471 1 397
2478 1 407
2491 1 454
2498 1 469
2505 1 489
2506 1 490
2509 1 491
2511 1 496
2524 1 518
2528 1 528
2531 1 556
2537 1 557
2539 1 567
2541 1 568
2546 1 578
2547 1 579
2553 1 603
2555 1 607
2560 1 612
2563 1 616
2570 1 617
2575 1 618
2578 1 621
2581 1 629
2582 1 630
2584 1 631
2589 1 719
2593 1 720
2604 1 727
2607 1 728
2612 1 729
2614 1 730
2621 1 742
2625 1 743
2627 1 744
2632 1 745
2640 1 774
2641 1 775
2642 1 776
2647 1 779
2651 1 788
2655 1 789
2662 1 816
2688 1 857
2692 1 898
2693 1 899
2695 1 903
2698 1 906
2702 1 907
2707 1 912
2708 1 913
2711 1 914
2716 1 919
2722 1 930
2723 1 931
2725 1 932
2739 1 953
2745 1 959
2749 1 964
2756 1 991
2760 1 992
