3037 23 536
3448 18 767
3534 18 835
3272 17 651
2588 15 430
260 14 88
389 14 158
579 14 211
612 13 255
2690 11 468
575 9 194
3116 8 571
3515 8 813
3599 8 883
602 8 241
186 7 47
3335 7 689
594 7 225
3103 6 559
3151 6 588
3481 6 783
3491 6 795
3594 6 872
3612 6 890
3633 6 899
4089 6 960
202 5 56
2552 5 410
2669 5 457
2978 5 490
321 5 115
3240 5 623
3295 5 663
331 5 121
4402 5 992
601 5 233
153 4 33
21 4 11
2254 4 322
228 4 65
2490 4 382
2504 4 389
2522 4 396
2538 4 403
2615 4 436
298 4 103
3124 4 578
3371 4 714
3492 4 799
1643 3 303
1647 3 308
2262 3 327
2306 3 340
2422 3 366
2661 3 448
2664 3 451
2727 3 475
3003 3 498
3012 3 507
3207 3 608
3218 3 611
3302 3 668
3317 3 676
3342 3 695
3402 3 727
3409 3 730
3426 3 739
3446 3 749
3468 3 775
3486 3 786
3536 3 840
3566 3 851
3571 3 855
3588 3 866
373 3 137
375 3 140
3854 3 925
128 2 29
1535 2 278
1536 2 280
1541 2 282
1543 2 284
1551 2 288
188 2 49
2234 2 314
2256 2 324
2280 2 330
2310 2 342
2312 2 344
2333 2 348
234 2 68
2349 2 352
2358 2 354
240 2 70
2445 2 371
2484 2 377
2501 2 385
2529 2 399
2542 2 405
2576 2 414
26 2 13
2656 2 443
2733 2 478
2761 2 483
283 2 95
292 2 98
3001 2 494
3006 2 501
301 2 105
3010 2 504
3035 2 513
3069 2 544
3080 2 548
3088 2 551
3108 2 561
313 2 108
3192 2 601
3198 2 605
3230 2 615
3233 2 618
3252 2 627
3255 2 629
3292 2 657
3306 2 671
3327 2 680
3349 2 699
3356 2 702
3365 2 706
3368 2 709
3377 2 716
3386 2 718
3390 2 720
3394 2 723
3415 2 732
3419 2 734
3437 2 743
3441 2 745
3459 2 772
3528 2 815
3535 2 837
3543 2 845
3547 2 848
3585 2 863
3597 2 875
360 2 131
361 2 133
3718 2 905
3730 2 907
379 2 142
4 2 2
4063 2 951
408 2 161
409 2 163
4099 2 964
411 2 165
4241 2 974
4290 2 979
4466 2 999
543 2 179
570 2 185
577 2 197
581 2 213
617 2 257
1018 1 263
1025 1 264
1031 1 265
1032 1 266
1040 1 267
115 1 27
1246 1 268
1248 1 269
1386 1 270
1387 1 271
1388 1 272
1391 1 273
1394 1 274
14 1 6
1471 1 275
1478 1 276
1544 1 285
1550 1 286
1552 1 289
1555 1 290
1556 1 291
156 1 34
1562 1 292
158 1 35
160 1 36
1621 1 293
1623 1 294
1626 1 295
1627 1 296
1629 1 297
1631 1 298
1636 1 299
1641 1 300
1644 1 304
1646 1 305
165 1 37
1650 1 309
1675 1 310
1726 1 311
181 1 38
182 1 39
185 1 40
190 1 50
199 1 51
20 1 7
203 1 57
205 1 58
213 1 59
2131 1 312
215 1 60
216 1 61
2235 1 315
2238 1 316
2240 1 317
2241 1 318
2272 1 328
2287 1 331
229 1 66
2290 1 332
2296 1 333
2297 1 334
2299 1 335
2300 1 336
2302 1 337
2323 1 345
2328 1 346
2341 1 349
2345 1 350
2361 1 355
2364 1 356
2376 1 357
2384 1 358
2385 1 359
2396 1 360
2409 1 361
2414 1 362
2417 1 363
2432 1 367
2433 1 368
2442 1 369
247 1 71
2474 1 372
2478 1 373
248 1 72
2480 1 374
2482 1 375
2486 1 378
2495 1 383
251 1 73
2510 1 390
2516 1 391
2517 1 392
2527 1 397
2554 1 411
2566 1 412
258 1 74
2580 1 415
2595 1 431
2602 1 432
261 1 89
262 1 90
2624 1 437
2629 1 438
2630 1 439
2634 1 440
2650 1 441
2657 1 444
2658 1 445
2666 1 452
267 1 91
2693 1 469
2695 1 470
2713 1 471
2717 1 472
2730 1 476
2735 1 479
2746 1 480
2754 1 481
2775 1 484
279 1 92
280 1 93
285 1 96
2856 1 485
297 1 99
2981 1 491
2994 1 492
3002 1 495
3005 1 499
3008 1 502
3014 1 508
3020 1 509
3026 1 510
3029 1 511
3038 1 537
3040 1 538
3042 1 539
3051 1 540
3065 1 541
3067 1 542
3073 1 545
3076 1 546
308 1 106
3086 1 549
3094 1 552
3099 1 553
31 1 14
3109 1 562
3113 1 563
3117 1 572
3122 1 573
3123 1 574
3127 1 579
3129 1 580
3139 1 581
3149 1 582
3157 1 589
3160 1 590
3163 1 591
3164 1 592
3166 1 593
317 1 109
3171 1 594
3172 1 595
318 1 110
3186 1 596
3188 1 597
3190 1 598
3191 1 599
3193 1 602
3194 1 603
3222 1 612
3228 1 613
3232 1 616
3245 1 624
3251 1 625
3259 1 630
3260 1 631
3261 1 632
3263 1 633
3264 1 634
3275 1 652
3278 1 653
328 1 116
3282 1 654
3284 1 655
3294 1 658
3299 1 664
33 1 15
3301 1 665
3304 1 669
3308 1 672
3315 1 673
3318 1 677
332 1 122
3324 1 678
3328 1 681
3329 1 682
3337 1 690
3338 1 691
3340 1 692
3343 1 696
3344 1 697
335 1 123
3351 1 700
3357 1 703
3359 1 704
3366 1 707
3369 1 710
339 1 124
3393 1 721
3398 1 724
341 1 125
3423 1 735
3424 1 736
3433 1 740
3436 1 741
344 1 126
3444 1 746
3449 1 768
345 1 127
3450 1 769
3453 1 770
346 1 128
3474 1 776
3476 1 777
3487 1 787
3488 1 788
3490 1 789
3494 1 800
3495 1 801
3496 1 802
3501 1 803
3513 1 804
3514 1 805
3531 1 816
3533 1 817
3537 1 841
3539 1 842
3541 1 843
3545 1 846
3567 1 852
3574 1 856
3575 1 857
3578 1 858
358 1 129
3580 1 859
3582 1 860
3583 1 861
3596 1 873
3610 1 884
3627 1 891
3631 1 892
3632 1 893
3634 1 900
3644 1 901
3651 1 902
3672 1 903
369 1 134
37 1 16
3731 1 908
3732 1 909
3742 1 910
3750 1 911
3764 1 912
3773 1 913
3785 1 914
3788 1 915
3793 1 916
3795 1 917
3796 1 918
38 1 17
3809 1 919
3813 1 920
3817 1 921
3822 1 922
384 1 143
386 1 144
3868 1 926
3871 1 927
3873 1 928
3884 1 929
3919 1 930
3932 1 931
3936 1 932
3959 1 933
3960 1 934
3982 1 935
3987 1 936
3989 1 937
4002 1 938
4016 1 939
4017 1 940
4018 1 941
4019 1 942
4022 1 943
4026 1 944
4029 1 945
4032 1 946
4036 1 947
405 1 159
4054 1 948
4061 1 949
4066 1 952
4075 1 953
4088 1 954
4091 1 961
4096 1 962
412 1 166
4129 1 965
4145 1 966
4149 1 967
415 1 167
4166 1 968
4168 1 969
417 1 168
4176 1 970
4206 1 971
4233 1 972
4244 1 975
4248 1 976
4260 1 977
4295 1 980
4300 1 981
4314 1 982
4326 1 983
4341 1 984
4355 1 985
4361 1 986
4373 1 987
4419 1 993
442 1 169
4420 1 994
4421 1 995
4422 1 996
4450 1 997
4470 1 1000
45 1 18
456 1 170
461 1 171
47 1 19
482 1 172
49 1 20
5 1 3
511 1 173
512 1 174
513 1 175
514 1 176
518 1 177
53 1 21
551 1 180
556 1 181
559 1 182
562 1 183
576 1 195
582 1 214
584 1 215
586 1 216
592 1 217
593 1 218
595 1 226
598 1 227
599 1 228
611 1 242
678 1 258
69 1 22
7 1 4
78 1 23
80 1 24
837 1 259
84 1 25
869 1 260
89 1 26
9 1 5
957 1 261
992 1 262
