3730 20 293
4402 17 982
4063 14 645
3672 13 242
3836 13 387
3854 13 409
4018 12 580
3773 11 328
4029 11 593
3764 10 315
3907 10 492
4011 10 566
4036 10 604
4218 10 740
4227 10 757
3695 9 258
3901 9 478
4244 9 781
4337 9 892
4382 9 940
4250 8 790
3783 7 345
4079 7 655
4205 7 712
559 7 35
3788 6 352
3881 6 443
3884 6 450
3894 6 464
4206 6 718
4210 6 725
4260 6 804
4313 6 866
4333 6 883
4392 6 956
4406 6 989
2225 5 192
3745 5 301
3782 5 338
3795 5 357
3856 5 415
3864 5 423
3873 5 431
3985 5 534
4008 5 555
4043 5 614
4099 5 678
4241 5 768
4269 5 814
4342 5 898
4353 5 907
854 5 104
3811 4 371
3840 4 392
3877 4 436
3896 4 468
3919 4 510
4089 4 661
4090 4 665
4093 4 670
4121 4 687
4221 4 746
4243 4 772
4292 4 839
4295 4 843
4304 4 854
4331 4 876
4359 4 912
4373 4 925
4393 4 960
4398 4 965
555 4 23
565 4 40
812 4 83
949 4 157
968 4 164
973 4 168
2786 3 199
3722 3 270
3774 3 331
3797 3 360
3803 3 363
3831 3 374
3890 3 455
3910 3 499
3916 3 505
3928 3 517
3992 3 543
4002 3 548
4046 3 618
4051 3 623
4059 3 630
4212 3 728
4233 3 762
4255 3 794
4278 3 824
4286 3 831
4301 3 850
4305 3 857
4361 3 915
4389 3 946
4391 3 950
4420 3 994
484 3 7
556 3 26
570 3 45
582 3 53
833 3 96
863 3 109
866 3 112
886 3 121
893 3 129
899 3 132
903 3 136
934 3 147
943 3 152
2218 2 182
2221 2 185
2223 2 187
2226 2 194
3653 2 224
3702 2 262
3731 2 295
3760 2 303
3865 2 425
3892 2 457
3908 2 494
3909 2 496
3911 2 501
3921 2 513
3983 2 529
3987 2 536
3991 2 540
4041 2 609
4048 2 620
4054 2 625
4095 2 672
4184 2 699
4257 2 796
4267 2 809
4275 2 819
4276 2 821
4298 2 846
4315 2 869
4346 2 900
4364 2 918
4439 2 997
475 2 4
494 2 9
496 2 12
544 2 16
558 2 28
589 2 56
785 2 68
790 2 71
804 2 76
811 2 79
813 2 85
817 2 87
820 2 89
828 2 92
862 2 106
877 2 117
889 2 124
904 2 138
908 2 140
1039 1 169
1045 1 170
1048 1 171
1056 1 172
1072 1 173
1078 1 174
1421 1 175
1484 1 176
1727 1 177
1733 1 178
2103 1 179
2127 1 180
2219 1 183
2784 1 195
2785 1 196
2792 1 200
2890 1 201
2897 1 202
2912 1 203
2915 1 204
2916 1 205
2917 1 206
2918 1 207
2919 1 208
3013 1 209
3037 1 210
3042 1 211
3190 1 212
3198 1 213
3216 1 214
3231 1 215
3251 1 216
3342 1 217
3468 1 218
3499 1 219
3511 1 220
3540 1 221
3648 1 222
3656 1 225
3657 1 226
3661 1 227
3670 1 228
3671 1 229
3673 1 243
3675 1 244
3676 1 245
3678 1 246
3679 1 247
3684 1 248
3688 1 249
3696 1 259
3700 1 260
3705 1 263
3708 1 264
3715 1 265
3716 1 266
3718 1 267
3727 1 271
3728 1 272
3729 1 273
3734 1 296
3762 1 304
3763 1 305
3768 1 316
3771 1 317
3775 1 332
3781 1 333
3786 1 346
3804 1 364
3805 1 365
3807 1 366
3809 1 367
3837 1 388
3842 1 393
3845 1 394
3846 1 395
3847 1 396
3855 1 410
3857 1 416
3859 1 417
3863 1 418
3866 1 426
3876 1 432
3878 1 437
3882 1 444
3886 1 451
3888 1 452
3893 1 458
3900 1 469
3902 1 479
3903 1 480
3904 1 481
3905 1 482
3914 1 502
3918 1 506
3920 1 511
3923 1 514
3930 1 518
3934 1 519
3939 1 520
3944 1 521
3946 1 522
3965 1 523
3971 1 524
3973 1 525
3978 1 526
3981 1 527
3988 1 537
3990 1 538
3993 1 544
3997 1 545
4003 1 549
4004 1 550
4009 1 556
4013 1 567
4015 1 568
4020 1 581
4028 1 582
4030 1 594
4038 1 605
4039 1 606
4040 1 607
4044 1 615
4057 1 626
4058 1 627
4060 1 631
4066 1 646
4068 1 647
4069 1 648
4081 1 656
4083 1 657
4091 1 666
4097 1 673
4100 1 679
4108 1 680
4110 1 681
4112 1 682
4119 1 683
4131 1 688
4142 1 689
4152 1 690
4153 1 691
4154 1 692
4159 1 693
4177 1 694
4179 1 695
4182 1 696
4183 1 697
4187 1 700
4189 1 701
4191 1 702
4192 1 703
4193 1 704
420 1 1
4204 1 705
4207 1 719
4214 1 729
4216 1 730
4219 1 741
4220 1 742
4225 1 747
423 1 2
4231 1 758
4232 1 759
4234 1 763
4245 1 782
4254 1 791
4258 1 797
4259 1 798
4261 1 805
4264 1 806
4265 1 807
4271 1 815
4272 1 816
4273 1 817
4280 1 825
4282 1 826
4284 1 827
4285 1 828
4287 1 832
4288 1 833
4290 1 834
4291 1 835
4296 1 844
4299 1 847
4306 1 858
4307 1 859
4309 1 860
4314 1 867
4327 1 870
4328 1 871
4329 1 872
4332 1 877
4338 1 893
4350 1 901
4351 1 902
4354 1 908
4363 1 916
4365 1 919
4366 1 920
4367 1 921
4375 1 926
4376 1 927
4378 1 928
4379 1 929
4380 1 930
4381 1 931
4383 1 941
4384 1 942
4385 1 943
4390 1 947
4395 1 961
4404 1 983
4408 1 990
4412 1 991
4436 1 995
4444 1 998
4452 1 999
4480 1 1000
495 1 10
526 1 13
539 1 14
548 1 17
549 1 18
554 1 19
560 1 36
567 1 41
568 1 42
571 1 46
574 1 47
575 1 48
579 1 49
580 1 50
587 1 54
598 1 57
604 1 58
606 1 59
608 1 60
634 1 61
678 1 62
773 1 63
782 1 64
783 1 65
784 1 66
789 1 69
792 1 72
795 1 73
800 1 74
810 1 77
822 1 90
832 1 93
836 1 97
837 1 98
838 1 99
869 1 113
872 1 114
873 1 115
882 1 118
888 1 122
890 1 125
892 1 126
902 1 133
909 1 141
918 1 142
923 1 143
927 1 144
936 1 148
937 1 149
947 1 153
954 1 158
955 1 159
964 1 160
