2165 12 554
686 10 243
2306 9 613
685 9 233
709 9 279
692 8 253
739 8 301
2168 7 562
2178 7 575
2598 7 706
3764 7 824
2445 6 643
3730 6 806
641 6 171
654 6 187
1507 5 451
2139 5 510
2143 5 520
2556 5 685
260 5 51
2669 5 735
4018 5 891
4063 5 915
589 5 124
626 5 146
634 5 157
660 5 198
684 5 224
700 5 261
703 5 267
1164 4 387
12 4 6
2133 4 499
2241 4 584
2272 4 598
2352 4 623
2481 4 652
2495 4 658
2588 4 696
2599 4 710
2690 4 739
3854 4 848
389 4 71
4402 4 973
742 4 307
743 4 311
1015 3 351
1461 3 425
1465 3 430
1709 3 489
2141 3 513
2149 3 526
2156 3 535
2160 3 539
2257 3 591
2522 3 670
2617 3 718
2751 3 748
3745 3 812
4011 3 885
4051 3 906
4075 3 918
4221 3 942
4233 3 948
570 3 109
577 3 114
582 3 118
617 3 138
629 3 150
655 3 190
676 3 212
746 3 314
1006 2 346
1079 2 370
1080 2 372
1233 2 399
128 2 26
14 2 8
1473 2 433
1500 2 443
153 2 33
1531 2 457
1533 2 459
1661 2 466
1665 2 469
1667 2 471
1684 2 478
2136 2 502
2137 2 504
2142 2 515
2147 2 523
2151 2 528
2154 2 531
2254 2 588
2292 2 603
2321 2 616
237 2 43
2422 2 634
2440 2 637
2451 2 645
2501 2 660
2504 2 662
251 2 45
2510 2 664
2529 2 673
2533 2 676
2538 2 678
2542 2 680
2595 2 698
2615 2 714
2627 2 721
2661 2 727
2666 2 730
2754 2 750
2818 2 756
321 2 61
331 2 64
3599 2 782
3695 2 793
3705 2 796
3708 2 798
3788 2 831
3795 2 834
3809 2 839
3845 2 843
3881 2 853
3894 2 857
3910 2 863
3934 2 868
3966 2 873
3972 2 876
3991 2 880
400 2 73
4029 2 895
4048 2 902
4099 2 924
4115 2 926
4150 2 932
4218 2 939
4276 2 954
4364 2 962
4373 2 966
4418 2 977
4420 2 980
4428 2 983
4452 2 989
4457 2 992
4481 2 999
523 2 92
524 2 94
559 2 104
591 2 126
607 2 131
635 2 159
637 2 162
652 2 179
653 2 181
658 2 192
661 2 200
664 2 203
667 2 206
673 2 208
679 2 215
683 2 219
720 2 283
733 2 290
74 2 17
943 2 337
100 1 21
1012 1 347
1013 1 348
1016 1 352
1017 1 353
1021 1 354
1022 1 355
1023 1 356
1026 1 357
1027 1 358
1029 1 359
1040 1 360
1047 1 361
1050 1 362
1055 1 363
1056 1 364
1062 1 365
107 1 22
1073 1 366
1076 1 367
1077 1 368
108 1 23
1083 1 373
1085 1 374
1087 1 375
1091 1 376
1094 1 377
11 1 2
1100 1 378
1115 1 379
1131 1 380
1142 1 381
1160 1 382
1163 1 383
1173 1 388
1175 1 389
1182 1 390
1199 1 391
120 1 24
1207 1 392
1215 1 393
1223 1 394
1227 1 395
1229 1 396
1231 1 397
1253 1 400
1286 1 401
1288 1 402
1306 1 403
132 1 27
1320 1 404
1332 1 405
1333 1 406
134 1 28
1355 1 407
1373 1 408
1378 1 409
1379 1 410
1380 1 411
1381 1 412
1390 1 413
1397 1 414
1406 1 415
141 1 29
1432 1 416
1433 1 417
1435 1 418
1436 1 419
144 1 30
1446 1 420
1448 1 421
1455 1 422
1462 1 426
1464 1 427
1472 1 431
1474 1 434
1478 1 435
1479 1 436
1481 1 437
1488 1 438
1489 1 439
1490 1 440
1499 1 441
15 1 9
150 1 31
1502 1 444
1503 1 445
1504 1 446
1510 1 452
1515 1 453
1524 1 454
1528 1 455
1611 1 460
165 1 34
1653 1 461
1655 1 462
1656 1 463
1658 1 464
1663 1 467
1669 1 472
1670 1 473
1674 1 474
1679 1 475
1682 1 476
1691 1 479
1694 1 480
1696 1 481
1699 1 482
1700 1 483
1702 1 484
1707 1 485
1708 1 486
1710 1 490
172 1 35
1724 1 491
182 1 36
1855 1 492
186 1 37
1864 1 493
188 1 38
202 1 39
204 1 40
2093 1 494
2128 1 495
2135 1 500
2138 1 505
2145 1 521
2152 1 529
2155 1 532
2157 1 536
2161 1 540
2163 1 541
2164 1 542
2166 1 555
2170 1 563
2171 1 564
2172 1 565
2173 1 566
2175 1 567
2176 1 568
2179 1 576
2180 1 577
2188 1 578
2196 1 579
2208 1 580
2249 1 585
2251 1 586
2258 1 592
2261 1 593
2262 1 594
2275 1 599
2277 1 600
2287 1 601
2297 1 604
2310 1 614
2323 1 617
2333 1 618
234 1 41
2350 1 619
2353 1 624
2360 1 625
2364 1 626
2376 1 627
2385 1 628
2399 1 629
2414 1 630
2417 1 631
2421 1 632
2432 1 635
2457 1 646
2468 1 647
2469 1 648
2484 1 653
2490 1 654
2516 1 665
2519 1 666
2521 1 667
2525 1 671
2532 1 674
2557 1 686
256 1 46
2561 1 687
2567 1 688
2579 1 689
2580 1 690
2583 1 691
2586 1 692
2597 1 699
2603 1 711
2605 1 712
2616 1 715
2626 1 719
2631 1 722
2636 1 723
2656 1 724
2658 1 725
2664 1 728
2692 1 740
2697 1 741
2717 1 742
2726 1 743
2727 1 744
2746 1 745
275 1 52
2756 1 751
276 1 53
2783 1 752
2786 1 753
2791 1 754
2819 1 757
2820 1 758
2822 1 759
283 1 54
2875 1 760
2877 1 761
2889 1 762
2894 1 763
29 1 10
2901 1 764
2914 1 765
292 1 55
2923 1 766
293 1 56
2979 1 767
298 1 57
3016 1 768
3023 1 769
3026 1 770
3051 1 771
308 1 58
3080 1 772
319 1 59
3192 1 773
3195 1 774
324 1 62
3266 1 775
3269 1 776
3345 1 777
335 1 65
3366 1 778
3390 1 779
345 1 66
3528 1 780
355 1 67
3612 1 783
3649 1 784
3669 1 785
3675 1 786
3681 1 787
3685 1 788
3687 1 789
3688 1 790
3694 1 791
3702 1 794
3710 1 799
3711 1 800
3732 1 807
3734 1 808
3741 1 809
3750 1 813
3751 1 814
3756 1 815
3758 1 816
3763 1 817
3767 1 825
3773 1 826
3778 1 827
3782 1 828
3783 1 829
3792 1 832
3800 1 835
3801 1 836
3808 1 837
3830 1 840
3833 1 841
3848 1 844
3856 1 849
3870 1 850
3876 1 851
3883 1 854
3891 1 855
3895 1 858
3896 1 859
3898 1 860
39 1 11
3907 1 861
3916 1 864
3917 1 865
3929 1 866
3936 1 869
3939 1 870
3950 1 871
3970 1 874
3978 1 877
3987 1 878
4005 1 881
4010 1 882
4016 1 886
4023 1 892
4028 1 893
4036 1 896
404 1 74
4041 1 897
4043 1 898
4046 1 899
4047 1 900
4050 1 903
4054 1 907
4059 1 908
4061 1 909
4062 1 910
4079 1 919
4082 1 920
4089 1 921
4092 1 922
4117 1 927
4118 1 928
4124 1 929
4146 1 930
4163 1 933
417 1 75
418 1 76
4190 1 934
4204 1 935
4206 1 936
4210 1 937
4223 1 943
4224 1 944
4227 1 945
4244 1 949
4250 1 950
4260 1 951
4269 1 952
427 1 77
4278 1 955
428 1 78
4292 1 956
4301 1 957
431 1 79
4331 1 958
4337 1 959
436 1 80
4362 1 960
4366 1 963
4370 1 964
4379 1 967
4382 1 968
4390 1 969
4404 1 974
4406 1 975
4419 1 978
4422 1 981
4429 1 984
4430 1 985
4432 1 986
4435 1 987
4453 1 990
4460 1 993
4464 1 994
4471 1 995
4478 1 996
4479 1 997
448 1 81
4482 1 1000
463 1 82
48 1 12
485 1 83
496 1 84
497 1 85
499 1 86
507 1 87
520 1 88
521 1 89
522 1 90
530 1 95
535 1 96
537 1 97
552 1 98
553 1 99
555 1 100
557 1 101
558 1 102
564 1 105
565 1 106
572 1 110
575 1 111
579 1 115
583 1 119
604 1 127
605 1 128
606 1 129
608 1 132
609 1 133
614 1 134
616 1 135
621 1 139
624 1 140
625 1 141
627 1 147
632 1 151
633 1 152
636 1 160
638 1 163
639 1 164
640 1 165
642 1 172
643 1 173
647 1 174
648 1 175
649 1 176
651 1 177
659 1 193
66 1 13
662 1 201
665 1 204
675 1 209
678 1 213
68 1 14
680 1 216
681 1 217
687 1 244
691 1 245
693 1 254
695 1 255
698 1 256
702 1 262
705 1 268
707 1 269
708 1 270
71 1 15
711 1 280
713 1 281
722 1 284
723 1 285
729 1 286
730 1 287
731 1 288
735 1 291
737 1 292
738 1 293
740 1 302
741 1 303
747 1 315
752 1 316
753 1 317
758 1 318
76 1 18
764 1 319
776 1 320
794 1 321
815 1 322
854 1 323
860 1 324
868 1 325
874 1 326
875 1 327
877 1 328
886 1 329
893 1 330
894 1 331
9 1 1
903 1 332
906 1 333
934 1 334
940 1 335
947 1 338
957 1 339
961 1 340
966 1 341
97 1 19
982 1 342
984 1 343
988 1 344
99 1 20
