389 27 535
186 24 194
331 19 436
298 15 368
1582 13 917
128 11 79
1352 11 808
260 11 308
292 11 346
1306 10 729
1311 10 747
1332 10 778
165 10 152
178 10 169
213 10 236
369 10 495
1589 9 939
202 9 211
208 9 224
218 9 252
321 9 405
417 9 564
133 8 93
151 8 116
240 8 279
301 8 377
340 8 449
1309 7 737
283 7 332
343 7 456
1179 6 615
1207 6 647
1262 6 669
132 6 85
1543 6 847
1549 6 869
1569 6 891
160 6 138
215 6 243
234 6 268
308 6 385
324 6 412
344 6 462
373 6 502
1189 5 628
1304 5 719
1329 5 765
1342 5 788
1350 5 797
153 5 121
1540 5 841
1545 5 852
1548 5 863
228 5 262
247 5 289
295 5 353
319 5 396
412 5 553
115 4 61
1175 4 606
1188 4 623
1195 4 635
1265 4 675
1266 4 679
1281 4 696
1286 4 703
1326 4 758
134 4 97
137 4 102
1391 4 820
14 4 5
1547 4 858
156 4 126
1567 4 884
1576 4 899
1588 4 930
169 4 156
26 4 15
2818 4 962
364 4 483
375 4 506
409 4 547
45 4 32
1156 3 595
1157 3 598
1231 3 655
1233 3 658
1269 3 684
1279 3 689
1280 3 692
1292 3 709
1314 3 752
1331 3 768
1560 3 876
1583 3 920
1585 3 924
1601 3 952
203 3 214
21 3 10
245 3 283
261 3 311
265 3 317
278 3 323
2877 3 974
362 3 478
37 3 23
39 3 26
50 3 36
1110 2 574
1121 2 581
1152 2 590
1153 2 592
1176 2 608
1180 2 617
1193 2 630
1199 2 640
1238 2 660
1263 2 671
1268 2 681
1271 2 686
1291 2 706
1302 2 714
1312 2 749
1340 2 781
1341 2 783
1367 2 815
1412 2 826
1546 2 854
1557 2 871
157 2 128
158 2 130
159 2 132
1590 2 941
1599 2 948
164 2 142
176 2 159
188 2 197
192 2 199
227 2 257
237 2 271
248 2 291
251 2 294
258 2 297
262 2 313
2819 2 964
2863 2 969
2864 2 971
2911 2 976
293 2 348
313 2 390
328 2 416
332 2 438
3342 2 991
335 2 441
347 2 465
357 2 472
358 2 474
408 2 543
558 2 570
75 2 47
100 1 54
103 1 55
108 1 56
1116 1 575
1117 1 576
1118 1 577
1119 1 578
1120 1 579
1123 1 582
1125 1 583
1131 1 584
1136 1 585
1137 1 586
114 1 57
1140 1 587
1147 1 588
116 1 62
1160 1 599
1162 1 600
1164 1 601
1168 1 602
117 1 63
1177 1 609
118 1 64
1186 1 618
1187 1 619
119 1 65
1194 1 631
1196 1 636
1197 1 637
1198 1 638
1202 1 641
1212 1 648
1215 1 649
122 1 66
1225 1 650
1226 1 651
123 1 67
1230 1 652
124 1 68
1241 1 661
1245 1 662
1246 1 663
1282 1 697
1283 1 698
1284 1 699
1287 1 704
1293 1 710
1294 1 711
13 1 1
1300 1 712
1307 1 730
1324 1 753
1325 1 754
1327 1 759
1328 1 760
1336 1 779
1344 1 789
1345 1 790
1348 1 791
1349 1 792
135 1 98
1353 1 809
1357 1 810
1358 1 811
1360 1 812
1362 1 813
1389 1 816
1396 1 821
1404 1 822
1407 1 823
1408 1 824
1413 1 827
1415 1 828
1416 1 829
1417 1 830
1419 1 831
142 1 103
1421 1 832
1426 1 833
1427 1 834
144 1 104
146 1 105
147 1 106
148 1 107
1481 1 835
149 1 108
1538 1 836
154 1 122
1558 1 872
1559 1 873
1563 1 877
1564 1 878
1565 1 879
1566 1 880
1568 1 885
1570 1 892
1571 1 893
1572 1 894
1575 1 895
1577 1 900
1578 1 901
1579 1 902
1580 1 903
1581 1 904
1584 1 921
1586 1 925
1587 1 926
1591 1 942
1592 1 943
1593 1 944
1594 1 945
1595 1 946
16 1 6
1600 1 949
1602 1 953
1603 1 954
162 1 139
163 1 140
1639 1 955
170 1 157
179 1 170
18 1 7
187 1 195
194 1 200
198 1 201
201 1 202
207 1 215
211 1 225
212 1 226
214 1 237
219 1 253
220 1 254
222 1 255
236 1 269
24 1 11
242 1 280
246 1 284
249 1 292
252 1 295
264 1 314
266 1 318
268 1 319
271 1 320
28 1 16
280 1 324
2808 1 956
2815 1 957
2817 1 958
282 1 325
2821 1 965
2822 1 966
2846 1 967
286 1 333
287 1 334
289 1 335
2945 1 977
2960 1 978
2964 1 979
2978 1 980
299 1 369
30 1 17
303 1 378
304 1 379
3088 1 981
309 1 386
311 1 387
312 1 388
314 1 391
3166 1 982
3207 1 983
3218 1 984
322 1 406
3220 1 985
3235 1 986
3238 1 987
326 1 413
327 1 414
3272 1 988
3273 1 989
329 1 417
334 1 439
3369 1 992
34 1 18
3402 1 993
3442 1 994
345 1 463
3474 1 995
3478 1 996
35 1 19
350 1 466
352 1 467
353 1 468
354 1 469
356 1 470
36 1 20
361 1 475
363 1 479
3633 1 997
366 1 484
3665 1 998
368 1 485
372 1 496
3773 1 999
386 1 507
387 1 508
393 1 536
396 1 537
401 1 538
403 1 539
405 1 540
407 1 541
410 1 548
413 1 554
414 1 555
42 1 27
4202 1 1000
44 1 28
46 1 33
509 1 565
51 1 37
515 1 566
52 1 38
53 1 39
538 1 567
54 1 40
556 1 568
57 1 41
570 1 571
60 1 42
63 1 43
71 1 44
74 1 45
83 1 48
85 1 49
90 1 50
93 1 51
94 1 52
96 1 53
974 1 572
