3037 36 327
3534 30 727
3448 16 642
3103 14 389
3599 12 799
3272 11 487
3295 11 508
3515 11 692
3571 10 765
3633 10 818
4402 10 997
3124 9 412
3116 8 402
3151 8 428
3335 8 541
3390 8 581
3327 7 533
3342 7 551
3426 7 614
4063 7 904
499 7 25
500 7 32
3001 6 269
2825 5 180
2851 5 207
3051 5 344
3088 5 368
3491 5 672
3764 5 847
680 5 62
2793 4 161
2824 4 175
2859 4 215
2978 4 261
3014 4 281
3040 4 332
3172 4 439
3218 4 460
3302 4 513
3317 4 521
3397 4 592
3402 4 601
3409 4 605
3468 4 653
3490 4 667
3547 4 748
3576 4 769
3594 4 785
3612 4 804
3730 4 837
3854 4 865
4244 4 962
507 4 43
700 4 71
703 4 75
1040 3 110
1045 3 116
1079 3 126
2830 3 188
2832 3 192
2875 3 223
2882 3 228
2948 3 244
3078 3 359
3080 3 362
3095 3 371
3099 3 375
3190 3 447
3198 3 451
3338 3 544
3349 3 556
3356 3 559
3393 3 585
3394 3 588
3433 3 620
3539 3 736
3582 3 773
3585 3 777
3588 3 781
3783 3 851
3795 3 855
4099 3 917
4189 3 940
4233 3 955
431 3 4
673 3 56
759 3 90
760 3 93
1002 2 103
1037 2 106
1077 2 123
1273 2 135
1461 2 141
2782 2 153
2791 2 157
2798 2 164
2828 2 184
2833 2 194
2852 2 209
2874 2 220
2936 2 238
2946 2 240
2954 2 247
2968 2 252
2972 2 255
2973 2 257
3006 2 273
3010 2 277
3018 2 284
3026 2 288
3034 2 291
3041 2 334
3045 2 336
3052 2 346
3069 2 354
3073 2 356
3157 2 431
3166 2 434
3207 2 456
3219 2 462
3233 2 468
3240 2 470
3273 2 489
3284 2 493
3346 2 553
3371 2 566
3383 2 570
3386 2 573
3398 2 594
3401 2 597
3450 2 644
3486 2 660
3487 2 662
3492 2 674
3529 2 696
3535 2 729
3536 2 731
3538 2 733
3540 2 738
3542 2 741
3553 2 753
3642 2 821
3719 2 833
3731 2 839
3809 2 858
3881 2 868
3908 2 873
3922 2 876
3956 2 882
4036 2 893
4053 2 896
4068 2 908
4089 2 913
4123 2 924
4124 2 926
4125 2 928
4136 2 931
4170 2 933
4177 2 936
4199 2 944
4200 2 946
4206 2 949
4238 2 957
4337 2 977
493 2 17
501 2 34
506 2 39
672 2 53
697 2 67
734 2 84
1000 1 101
1036 1 104
1038 1 107
1041 1 111
1043 1 112
1044 1 113
1061 1 117
1065 1 118
1071 1 119
1074 1 120
1076 1 121
1090 1 127
1097 1 128
1126 1 129
1129 1 130
1202 1 131
1221 1 132
1254 1 133
1363 1 136
1400 1 137
1441 1 138
1445 1 139
1467 1 142
1473 1 143
1486 1 144
1488 1 145
1712 1 146
2214 1 147
2220 1 148
2770 1 149
2780 1 150
2781 1 151
2784 1 154
2789 1 155
2797 1 162
2800 1 165
2801 1 166
2803 1 167
2809 1 168
2813 1 169
2814 1 170
2823 1 171
2826 1 181
2827 1 182
2829 1 185
2831 1 189
2834 1 195
2836 1 196
2839 1 197
2840 1 198
2841 1 199
2842 1 200
2846 1 201
2850 1 202
2853 1 210
2857 1 211
2864 1 216
2872 1 217
2873 1 218
2877 1 224
2878 1 225
2891 1 229
2892 1 230
2900 1 231
2902 1 232
2920 1 233
2922 1 234
2925 1 235
2934 1 236
2947 1 241
2949 1 245
2961 1 248
2963 1 249
2964 1 250
2971 1 253
2985 1 262
2989 1 263
3002 1 270
3003 1 271
3007 1 274
3008 1 275
3015 1 282
3022 1 285
3025 1 286
3031 1 289
3038 1 328
3046 1 337
3048 1 338
3049 1 339
3053 1 347
3054 1 348
3056 1 349
3060 1 350
3062 1 351
3068 1 352
3082 1 363
3098 1 372
3104 1 390
3106 1 391
3107 1 392
3108 1 393
3115 1 394
3118 1 403
3127 1 413
3128 1 414
3132 1 415
3135 1 416
3140 1 417
3141 1 418
3144 1 419
3147 1 420
3155 1 429
3158 1 432
3168 1 435
3174 1 440
3178 1 441
3181 1 442
3182 1 443
3187 1 444
3193 1 448
3201 1 452
3203 1 453
3204 1 454
3223 1 463
3228 1 464
3230 1 465
3231 1 466
3248 1 471
3251 1 472
3252 1 473
3255 1 474
3264 1 475
3271 1 476
3274 1 490
3283 1 491
3290 1 494
3292 1 495
3293 1 496
3294 1 497
3297 1 509
3306 1 514
3311 1 515
3313 1 516
3316 1 517
3318 1 522
3320 1 523
3322 1 524
3324 1 525
3326 1 526
3359 1 560
3361 1 561
3365 1 562
3367 1 563
3369 1 564
3374 1 567
3379 1 568
3384 1 571
3391 1 582
3399 1 595
3415 1 606
3418 1 607
3428 1 615
3429 1 616
3431 1 617
3435 1 621
3437 1 622
3438 1 623
3440 1 624
3441 1 625
3447 1 626
3451 1 645
3459 1 646
3460 1 647
3464 1 648
3466 1 649
3474 1 654
3475 1 655
3479 1 656
3480 1 657
3481 1 658
3488 1 663
3495 1 675
3500 1 676
3502 1 677
3504 1 678
3508 1 679
3510 1 680
3511 1 681
3517 1 693
3520 1 694
3532 1 697
3541 1 739
3543 1 742
3544 1 743
3546 1 744
3550 1 749
3551 1 750
3552 1 751
3565 1 754
3566 1 755
3580 1 770
3584 1 774
3586 1 778
3595 1 786
3598 1 787
3611 1 800
3614 1 805
3620 1 806
3629 1 807
3632 1 808
3635 1 819
3646 1 822
3657 1 823
3660 1 824
3661 1 825
3663 1 826
3665 1 827
3670 1 828
3672 1 829
3695 1 830
3702 1 831
3732 1 840
3733 1 841
3742 1 842
3774 1 848
3794 1 852
3798 1 856
3826 1 859
3848 1 860
3849 1 861
3865 1 866
3884 1 869
3887 1 870
3907 1 871
3915 1 874
3941 1 877
3945 1 878
3948 1 879
3955 1 880
3957 1 883
3977 1 884
3980 1 885
3983 1 886
3991 1 887
4012 1 888
4016 1 889
4018 1 890
4029 1 891
4046 1 894
4055 1 897
4064 1 905
4065 1 906
4069 1 909
4073 1 910
4084 1 911
4095 1 914
4105 1 918
4106 1 919
4107 1 920
4121 1 921
4122 1 922
4128 1 929
4171 1 934
4178 1 937
4193 1 941
4196 1 942
4203 1 947
4210 1 950
4221 1 951
4230 1 952
4240 1 958
4262 1 963
4269 1 964
4272 1 965
4283 1 966
4285 1 967
4286 1 968
429 1 1
4290 1 969
4305 1 970
4313 1 971
4319 1 972
432 1 5
4322 1 973
4327 1 974
433 1 6
4336 1 975
4359 1 978
4361 1 979
4364 1 980
4365 1 981
4368 1 982
4371 1 983
4372 1 984
4373 1 985
4374 1 986
4401 1 987
4404 1 998
4407 1 999
4412 1 1000
445 1 7
448 1 8
449 1 9
451 1 10
468 1 11
470 1 12
490 1 13
491 1 14
492 1 15
494 1 18
503 1 35
504 1 36
505 1 37
508 1 44
517 1 45
528 1 46
543 1 47
547 1 48
555 1 49
667 1 50
669 1 51
677 1 57
683 1 63
689 1 64
694 1 65
710 1 76
717 1 77
720 1 78
722 1 79
725 1 80
728 1 81
730 1 82
748 1 85
751 1 86
754 1 87
761 1 94
762 1 95
763 1 96
767 1 97
977 1 98
991 1 99
994 1 100
