3272 35 341
2978 25 27
3534 25 677
3448 24 575
3515 21 648
3037 20 81
3116 17 169
3633 17 774
3386 16 499
3342 15 440
3599 15 742
3124 14 185
3151 14 205
3335 11 424
3468 11 593
3240 10 285
3252 10 300
3295 10 362
3324 10 396
3327 10 407
3402 10 524
3730 10 807
4337 10 974
3166 9 218
3612 9 753
3078 8 115
3103 8 149
3218 8 260
3306 8 378
4063 8 901
4402 8 996
3198 7 243
3419 7 536
3764 7 823
4011 7 872
3207 6 251
3302 6 369
3371 6 479
3580 6 713
4036 6 889
3006 5 39
3014 5 48
3080 5 120
3088 5 127
3095 5 136
3231 5 268
3351 5 451
3487 5 612
3571 5 703
4018 5 878
4099 5 914
4298 5 953
4373 5 986
3026 4 54
3069 4 99
3073 4 103
3172 4 222
3233 4 272
3284 4 350
3356 4 455
3397 4 511
3474 4 599
3481 4 603
3585 4 721
3672 4 787
3901 4 851
4089 4 908
4305 4 957
3033 3 60
3065 3 95
3077 3 107
3113 3 152
3193 3 235
3264 3 305
3313 3 381
3317 3 384
3357 3 458
3368 3 468
3369 3 471
3393 3 506
3409 3 527
3446 3 549
3491 3 619
3492 3 622
3495 3 625
3541 3 686
3547 3 691
3576 3 706
3582 3 717
3594 3 726
3854 3 839
3884 3 847
3907 3 854
4029 3 883
4260 3 935
4313 3 961
3002 2 33
3008 2 41
3029 2 57
3040 2 84
3042 2 86
3045 2 89
3092 2 131
3099 2 138
3102 2 141
3189 2 228
3190 2 230
3192 2 232
3249 2 289
3273 2 343
3334 2 413
3346 2 443
3359 2 460
3361 2 462
3366 2 465
3370 2 473
3390 2 502
3398 2 513
3415 2 529
3426 2 539
3447 2 551
3450 2 577
3486 2 607
3488 2 614
3490 2 616
3535 2 679
3536 2 681
3543 2 688
3566 2 696
3634 2 776
3637 2 778
3640 2 781
3670 2 783
3702 2 793
3731 2 809
3773 2 825
3795 2 830
3809 2 833
3922 2 857
3988 2 863
4020 2 880
4206 2 920
4244 2 930
4272 2 940
4295 2 948
4317 2 964
4403 2 998
217 1 1
2204 1 2
2979 1 28
2985 1 29
2997 1 30
3001 1 31
3003 1 34
3010 1 42
3012 1 43
3017 1 49
3018 1 50
3028 1 55
3035 1 61
3038 1 82
3044 1 87
3051 1 90
3052 1 91
3063 1 92
3075 1 104
3084 1 121
3087 1 122
3090 1 128
3091 1 129
3100 1 139
3117 1 170
3119 1 171
3136 1 186
3138 1 187
3141 1 188
3142 1 189
3143 1 190
3146 1 191
3153 1 206
3157 1 207
3161 1 208
3162 1 209
3177 1 223
3182 1 224
3184 1 225
3187 1 226
3194 1 236
3199 1 244
3206 1 245
3209 1 252
3219 1 261
3220 1 262
3230 1 263
3234 1 273
3235 1 274
3239 1 275
3241 1 286
3244 1 287
3251 1 290
3258 1 301
3262 1 302
3268 1 306
3275 1 344
3276 1 345
3281 1 346
3293 1 351
3294 1 352
3297 1 363
3305 1 370
3318 1 385
3321 1 386
3325 1 397
3329 1 408
3330 1 409
3331 1 410
3333 1 411
3338 1 425
3344 1 441
3347 1 444
3349 1 445
3350 1 446
3365 1 463
3372 1 480
3375 1 481
3377 1 482
3382 1 483
3389 1 500
3392 1 503
3394 1 507
3401 1 514
3422 1 537
3427 1 540
3433 1 541
3434 1 542
3435 1 543
3437 1 544
3439 1 545
3440 1 546
3452 1 578
3456 1 579
3459 1 580
3462 1 581
3463 1 582
3470 1 594
3472 1 595
3484 1 604
3485 1 605
3507 1 626
3510 1 627
3516 1 649
3521 1 650
3528 1 651
3529 1 652
3538 1 682
3539 1 683
3548 1 692
3551 1 693
3555 1 694
3567 1 697
3568 1 698
3579 1 707
3581 1 714
3588 1 722
3593 1 723
3597 1 727
3601 1 743
3608 1 744
3617 1 754
3618 1 755
3627 1 756
3631 1 757
3638 1 779
3673 1 788
3695 1 789
3696 1 790
3698 1 791
3705 1 794
3707 1 795
3725 1 796
3727 1 797
3734 1 810
3742 1 811
3743 1 812
3747 1 813
3760 1 814
3761 1 815
3763 1 816
3781 1 826
3783 1 827
3787 1 828
3803 1 831
3811 1 834
3815 1 835
3843 1 836
3862 1 840
3864 1 841
3873 1 842
3877 1 843
3881 1 844
3919 1 855
3924 1 858
3926 1 859
3943 1 860
3969 1 861
4006 1 864
4008 1 865
4012 1 873
4037 1 890
4042 1 891
4051 1 892
4060 1 893
4066 1 902
4068 1 903
4074 1 904
4095 1 909
4109 1 915
4143 1 916
4155 1 917
4173 1 918
4209 1 921
4210 1 922
4215 1 923
4218 1 924
4233 1 925
4239 1 926
4242 1 927
4243 1 928
4247 1 931
4250 1 932
4261 1 936
4269 1 937
4270 1 938
4274 1 941
4276 1 942
4277 1 943
4286 1 944
4290 1 945
4292 1 946
4312 1 958
4316 1 962
4344 1 975
4353 1 976
4356 1 977
4359 1 978
4363 1 979
4364 1 980
4365 1 981
4378 1 987
4401 1 988
4405 1 999
