2059 54 833
1812 52 203
1931 47 483
2095 30 922
2020 28 688
1773 25 59
2003 21 637
1785 18 101
1918 18 424
1779 17 80
1834 17 251
1875 17 332
1846 16 279
2109 16 979
2073 15 861
1914 14 403
2106 13 962
1967 12 540
1988 12 578
1990 12 593
1997 12 616
2026 12 704
1905 11 374
1943 11 512
1750 10 15
1805 10 141
2006 10 649
2086 10 887
2033 9 717
2034 9 726
2104 9 941
1970 8 549
2043 8 761
2082 8 873
2105 8 949
1802 7 124
1816 7 216
1817 7 223
1853 7 289
1858 7 299
1938 7 493
1941 7 501
1992 7 603
2040 7 751
2117 7 995
1794 6 110
1803 6 130
1839 6 257
1896 6 354
1902 6 362
1908 6 383
1955 6 527
2039 6 744
2072 6 846
1814 5 208
1864 5 310
1909 5 388
1983 5 561
2035 5 731
2037 5 737
2046 5 767
2055 5 778
2100 5 932
2116 5 988
1761 4 27
1810 4 149
1894 4 348
1953 4 521
1984 4 565
1799 3 114
1809 3 145
1843 3 262
1860 3 304
1879 3 337
1919 3 427
1926 3 432
1975 3 555
1989 3 581
1991 3 596
2067 3 839
2084 3 877
2094 3 892
2098 3 927
1756 2 18
1760 2 23
1763 2 30
1777 2 62
1781 2 82
1801 2 117
1811 2 151
1819 2 225
1833 2 234
1852 2 282
1854 2 291
1859 2 301
1869 2 313
1887 2 341
1906 2 376
1916 2 406
1927 2 434
1930 2 436
1947 2 514
1951 2 517
2011 2 653
2013 2 655
2017 2 660
2030 2 708
2062 2 836
1019 1 1
1066 1 2
1711 1 3
1748 1 4
1749 1 5
1752 1 16
1757 1 19
1758 1 20
1759 1 21
1762 1 28
1764 1 31
1766 1 32
1768 1 33
1770 1 34
1775 1 60
1778 1 63
1784 1 83
1788 1 102
1789 1 103
1793 1 104
1797 1 111
1800 1 115
1804 1 131
1807 1 142
1815 1 209
1820 1 226
1821 1 227
1822 1 228
1823 1 229
1824 1 230
1826 1 231
1831 1 232
1841 1 258
1842 1 259
1845 1 263
1851 1 280
1856 1 292
1863 1 305
1865 1 311
1870 1 314
1872 1 315
1877 1 333
1878 1 334
1883 1 338
1884 1 339
1889 1 342
1891 1 343
1892 1 344
1898 1 355
1900 1 356
1904 1 363
1907 1 377
1913 1 389
1915 1 404
1921 1 428
1925 1 429
1932 1 484
1933 1 485
1936 1 486
1940 1 494
1949 1 515
1964 1 528
1969 1 541
1972 1 550
1973 1 551
1974 1 552
1980 1 556
1986 1 566
1996 1 604
2004 1 638
2005 1 639
2009 1 650
2010 1 651
2014 1 656
2015 1 657
2016 1 658
2021 1 689
2023 1 690
2024 1 691
2025 1 692
2027 1 705
2029 1 706
2036 1 732
2038 1 738
2041 1 752
2042 1 753
2044 1 762
2048 1 768
2049 1 769
2050 1 770
2052 1 771
2053 1 772
2054 1 773
2057 1 779
2061 1 834
2071 1 840
2074 1 862
2075 1 863
2078 1 864
2080 1 865
2083 1 874
2092 1 888
2093 1 889
2096 1 923
2097 1 924
2108 1 963
2110 1 980
2112 1 981
2114 1 982
2115 1 983
2119 1 996
2120 1 997
2121 1 998
2123 1 999
