2588 48 733
2306 44 226
2690 30 914
2445 28 434
2241 22 88
2414 22 373
2552 18 639
2522 17 581
2254 16 111
2615 16 769
2490 15 520
2573 15 669
2272 14 140
2538 14 613
2364 13 288
2451 11 455
2484 10 502
2504 10 553
2661 10 830
2666 10 850
2701 10 931
2297 9 180
2344 9 263
2529 9 594
2633 9 785
2664 9 839
2669 9 860
2395 8 329
2409 8 347
2432 8 393
2495 8 533
1958 7 22
2197 6 52
2280 6 148
2289 6 163
2447 6 440
2510 6 560
2650 6 810
2714 6 942
2746 6 976
2754 6 991
1829 5 9
2125 5 42
2200 5 61
2262 5 119
2312 5 232
2475 5 480
2493 5 525
2551 5 621
2580 5 678
2658 5 820
2720 5 951
2727 5 956
2751 5 983
2201 4 65
2287 4 157
2290 4 167
2376 4 302
2379 4 307
2385 4 314
2388 4 320
2418 4 377
2455 4 466
2482 4 491
2501 4 541
2526 4 585
2586 4 685
2589 4 737
2642 4 798
2717 4 946
2735 4 964
2740 4 970
2760 4 996
1771 3 3
2199 3 56
2256 3 114
2265 3 123
2317 3 239
2329 3 245
2333 3 250
2348 3 268
2358 3 274
2369 3 293
2400 3 336
2422 3 380
2439 3 401
2442 3 405
2449 3 443
2453 3 459
2454 3 462
2469 3 474
2481 3 487
2497 3 537
2557 3 645
2568 3 652
2579 3 673
2595 3 746
2637 3 792
2646 3 802
2656 3 815
2670 3 863
2686 3 881
2692 3 918
1959 2 24
2242 2 90
2243 2 92
2285 2 152
2292 2 170
2314 2 234
2341 2 253
2347 2 265
2355 2 271
2366 2 290
2374 2 297
2380 2 309
2387 2 316
2397 2 332
2404 2 339
2426 2 383
2433 2 395
2478 2 482
2480 2 484
2503 2 543
2554 2 641
2562 2 648
2590 2 739
2598 2 748
2608 2 751
2614 2 753
2620 2 774
2634 2 787
2635 2 789
2678 2 869
2679 2 871
2684 2 877
2688 2 883
2711 2 935
2753 2 985
2763 2 999
1782 1 4
1836 1 10
1847 1 11
1850 1 12
1867 1 13
1868 1 14
1956 1 15
1960 1 25
1976 1 26
1977 1 27
1984 1 28
2000 1 29
2012 1 30
2018 1 31
2028 1 32
2054 1 33
2059 1 34
2063 1 35
2069 1 36
2079 1 37
2126 1 43
2186 1 44
2190 1 45
2191 1 46
2198 1 53
2240 1 66
2244 1 93
2250 1 94
2252 1 95
2264 1 120
2266 1 124
2270 1 125
2271 1 126
2276 1 141
2279 1 142
2281 1 149
2283 1 150
2286 1 153
2291 1 168
2293 1 171
2298 1 181
2301 1 182
2308 1 227
2315 1 235
2316 1 236
2319 1 240
2323 1 241
2327 1 242
2330 1 246
2332 1 247
2340 1 251
2342 1 254
2349 1 269
2361 1 275
2370 1 294
2373 1 295
2375 1 298
2377 1 303
2381 1 310
2391 1 321
2396 1 330
2399 1 333
2402 1 337
2410 1 348
2411 1 349
2412 1 350
2413 1 351
2423 1 381
2427 1 384
2430 1 385
2434 1 396
2435 1 397
2436 1 398
2440 1 402
2443 1 406
2450 1 444
2452 1 456
2456 1 467
2460 1 468
2461 1 469
2462 1 470
2465 1 471
2473 1 475
2483 1 492
2485 1 503
2486 1 504
2487 1 505
2496 1 534
2507 1 554
2513 1 561
2515 1 562
2517 1 563
2520 1 564
2530 1 595
2532 1 596
2534 1 597
2535 1 598
2536 1 599
2540 1 614
2542 1 615
2548 1 616
2555 1 642
2558 1 646
2565 1 649
2569 1 653
2571 1 654
2574 1 670
2581 1 679
2584 1 680
2585 1 681
2591 1 740
2592 1 741
2593 1 742
2594 1 743
2600 1 749
2617 1 770
2618 1 771
2619 1 772
2622 1 775
2623 1 776
2640 1 793
2641 1 794
2645 1 799
2648 1 803
2649 1 804
2651 1 811
2654 1 812
2665 1 840
2667 1 851
2674 1 864
2675 1 865
2676 1 866
2677 1 867
2680 1 872
2681 1 873
2682 1 874
2683 1 875
2685 1 878
2689 1 884
2691 1 915
2693 1 919
2698 1 920
2699 1 921
2703 1 932
2706 1 933
2712 1 936
2729 1 957
2731 1 958
2732 1 959
2733 1 960
2737 1 965
2738 1 966
2747 1 977
2748 1 978
2755 1 992
2761 1 997
2764 1 1000
