943 29 302
828 13 82
854 13 122
863 11 142
886 11 183
903 11 220
1207 10 468
954 10 324
973 9 353
1193 8 448
3272 8 854
3342 8 881
3534 8 948
877 8 165
1326 7 581
3037 7 757
3448 7 923
893 7 201
899 7 208
920 7 241
927 7 258
1215 6 476
1281 6 539
1332 6 593
1350 6 618
2978 6 741
3124 6 780
3166 6 799
833 6 93
872 6 152
884 6 172
923 6 249
949 6 313
966 6 334
1174 5 419
1175 5 424
1233 5 489
1266 5 515
1269 5 520
2864 5 695
3151 5 792
820 5 64
837 5 102
874 5 157
891 5 189
892 5 194
914 5 233
967 5 339
1169 4 413
1199 4 453
1262 4 508
1286 4 546
1292 4 550
1331 4 587
1335 4 597
1342 4 609
1354 4 626
1481 4 664
2875 4 700
3207 4 817
3302 4 859
3335 4 873
3402 4 901
477 4 16
832 4 87
934 4 268
940 4 273
988 4 366
1164 3 408
1179 3 429
1185 3 434
1188 3 437
1202 3 457
1225 3 483
1279 3 530
1280 3 533
1296 3 554
1304 3 557
1311 3 567
1338 3 601
1344 3 612
1352 3 622
1455 3 651
1479 3 660
2877 3 704
2966 3 731
3218 3 824
3255 3 844
3409 3 904
3468 3 929
3571 3 958
3594 3 964
3612 3 973
4202 3 998
604 3 33
785 3 44
795 3 48
835 3 97
858 3 127
861 3 130
908 3 225
932 3 264
947 3 307
979 3 358
1033 2 375
1077 2 385
1131 2 396
1238 2 493
1254 2 499
1257 2 502
1305 2 559
1309 2 563
1329 2 583
1339 2 603
1340 2 605
1382 2 636
1398 2 638
1722 2 667
2842 2 679
2954 2 721
2964 2 728
3006 2 746
3078 2 764
3095 2 769
3103 2 772
3147 2 785
3180 2 805
3193 2 809
3198 2 812
3219 2 826
3249 2 835
3251 2 838
3252 2 840
3318 2 865
3327 2 868
3356 2 886
3371 2 889
3386 2 894
3415 2 907
3419 2 909
3426 2 912
3453 2 925
3488 2 935
3491 2 938
3554 2 953
3576 2 960
3599 2 966
421 2 2
483 2 18
559 2 24
568 2 27
589 2 30
778 2 40
808 2 52
809 2 54
815 2 56
826 2 68
850 2 107
870 2 145
968 2 341
972 2 344
985 2 360
1002 1 369
1004 1 370
1007 1 371
1008 1 372
1024 1 373
1034 1 376
1035 1 377
1049 1 378
1051 1 379
1057 1 380
1064 1 381
1072 1 382
1073 1 383
1092 1 386
1096 1 387
1098 1 388
1102 1 389
1113 1 390
1120 1 391
1122 1 392
1127 1 393
1130 1 394
1132 1 397
1133 1 398
1134 1 399
1136 1 400
1140 1 401
1141 1 402
1142 1 403
1143 1 404
1144 1 405
1165 1 409
1173 1 414
1177 1 425
1178 1 426
1181 1 430
1184 1 431
1189 1 438
1190 1 439
1192 1 440
1195 1 449
1200 1 454
1203 1 458
1210 1 469
1214 1 470
1218 1 477
1221 1 478
1222 1 479
1224 1 480
1231 1 484
1234 1 490
1236 1 491
1244 1 494
1249 1 495
1250 1 496
1251 1 497
1255 1 500
1260 1 503
1261 1 504
1264 1 509
1265 1 510
1271 1 521
1273 1 522
1274 1 523
1275 1 524
1276 1 525
1277 1 526
1278 1 527
1282 1 540
1283 1 541
1285 1 542
1295 1 551
1306 1 560
1308 1 561
1310 1 564
1312 1 568
1314 1 569
1316 1 570
1318 1 571
1319 1 572
1321 1 573
1324 1 574
1337 1 598
1351 1 619
1360 1 627
1361 1 628
1363 1 629
1364 1 630
1365 1 631
1366 1 632
1368 1 633
1371 1 634
1402 1 639
1404 1 640
1408 1 641
1410 1 642
1414 1 643
1421 1 644
1426 1 645
1442 1 646
1451 1 647
1453 1 648
1458 1 652
1466 1 653
1468 1 654
1469 1 655
1470 1 656
1478 1 657
1482 1 665
1725 1 668
2660 1 669
2767 1 670
2769 1 671
2772 1 672
2793 1 673
2802 1 674
2812 1 675
2826 1 676
2838 1 677
2843 1 680
2846 1 681
2848 1 682
2849 1 683
2850 1 684
2851 1 685
2852 1 686
2854 1 687
2859 1 688
2860 1 689
2861 1 690
2868 1 696
2876 1 701
2882 1 705
2884 1 706
2885 1 707
2893 1 708
2906 1 709
2909 1 710
2926 1 711
2933 1 712
2936 1 713
2938 1 714
2941 1 715
2944 1 716
2946 1 717
2949 1 718
2952 1 719
2955 1 722
2956 1 723
2957 1 724
2959 1 725
2961 1 726
2967 1 732
2968 1 733
2975 1 734
2977 1 735
2979 1 742
2985 1 743
2999 1 744
3010 1 747
3018 1 748
3021 1 749
3025 1 750
3066 1 758
3069 1 759
3071 1 760
3072 1 761
3077 1 762
3080 1 765
3087 1 766
3088 1 767
3099 1 770
3104 1 773
3117 1 774
3130 1 781
3133 1 782
3142 1 783
3149 1 786
3150 1 787
3164 1 793
3168 1 800
3169 1 801
3170 1 802
3172 1 803
3182 1 806
3185 1 807
3196 1 810
3202 1 813
3208 1 818
3212 1 819
3213 1 820
3214 1 821
3220 1 827
3224 1 828
3225 1 829
3228 1 830
3231 1 831
3233 1 832
3240 1 833
3250 1 836
3253 1 841
3256 1 845
3270 1 846
3295 1 855
3309 1 860
3310 1 861
3312 1 862
3317 1 863
3324 1 866
3333 1 869
3344 1 882
3349 1 883
3352 1 884
3359 1 887
3376 1 890
3377 1 891
3378 1 892
3390 1 895
3398 1 896
3399 1 897
3412 1 905
3421 1 910
3433 1 913
3437 1 914
3441 1 915
3442 1 916
3460 1 926
3473 1 930
3477 1 931
3486 1 932
3487 1 933
3490 1 936
3503 1 939
3519 1 940
3536 1 949
3539 1 950
3543 1 951
3566 1 954
3570 1 955
3577 1 961
3600 1 967
3602 1 968
3603 1 969
3609 1 970
3624 1 974
3633 1 975
3634 1 976
3637 1 977
3658 1 978
3663 1 979
3664 1 980
3665 1 981
3701 1 982
3714 1 983
3952 1 984
3953 1 985
3954 1 986
3981 1 987
4000 1 988
4012 1 989
4018 1 990
4056 1 991
4087 1 992
4124 1 993
4138 1 994
4201 1 995
4203 1 999
422 1 3
4363 1 1000
440 1 4
447 1 5
453 1 6
457 1 7
466 1 8
471 1 9
473 1 10
474 1 11
475 1 12
489 1 19
493 1 20
545 1 21
555 1 22
563 1 25
575 1 28
617 1 34
696 1 35
771 1 36
773 1 37
777 1 38
779 1 41
787 1 45
802 1 49
807 1 50
816 1 57
818 1 58
819 1 59
823 1 65
824 1 66
827 1 69
830 1 83
834 1 94
840 1 103
842 1 104
847 1 105
851 1 108
853 1 109
855 1 123
856 1 124
862 1 131
869 1 143
871 1 146
880 1 166
887 1 184
900 1 209
904 1 221
905 1 222
910 1 226
912 1 227
913 1 228
915 1 234
921 1 242
922 1 243
924 1 250
925 1 251
928 1 259
929 1 260
930 1 261
935 1 269
944 1 303
945 1 304
950 1 314
957 1 325
958 1 326
959 1 327
965 1 328
971 1 342
975 1 354
976 1 355
986 1 361
987 1 362
989 1 367
995 1 368
