854 56 307
943 42 548
828 21 205
886 18 416
927 14 484
863 12 351
858 11 326
872 11 377
893 11 433
903 10 451
949 10 568
954 10 585
3272 9 873
3037 8 809
862 8 339
908 8 460
487 7 64
795 7 155
884 7 397
947 7 556
3534 6 938
425 6 12
768 6 121
844 6 238
857 6 315
866 6 359
877 6 384
934 6 496
966 6 600
973 6 615
1454 5 709
3448 5 924
421 5 5
488 5 69
833 5 219
837 5 225
850 5 249
869 5 365
940 5 504
967 5 605
2877 4 758
3088 4 828
3386 4 903
477 4 49
789 4 147
809 4 172
830 4 210
843 4 232
861 4 331
891 4 422
899 4 440
953 4 575
988 4 622
1050 3 639
1057 3 648
1072 3 657
1440 3 690
1481 3 725
2795 3 738
2960 3 781
3065 3 818
3151 3 839
3193 3 845
3251 3 858
3295 3 879
3335 3 890
3390 3 906
3491 3 929
3571 3 948
3580 3 951
3599 3 957
3956 3 973
4193 3 989
483 3 56
540 3 80
548 3 87
577 3 95
770 3 125
777 3 133
783 3 138
804 3 165
812 3 175
820 3 181
832 3 214
883 3 390
932 3 489
1056 2 645
1179 2 666
1215 2 669
1313 2 678
1383 2 686
1441 2 692
1442 2 694
1444 2 697
1450 2 701
1451 2 703
1465 2 716
1482 2 727
1485 2 730
1487 2 732
2794 2 735
2830 2 742
2851 2 749
2871 2 752
2875 2 754
2924 2 765
2934 2 771
2954 2 778
2964 2 784
2978 2 793
3012 2 797
3078 2 822
3103 2 830
3124 2 834
3180 2 842
3210 2 849
3233 2 853
3240 2 855
3252 2 860
3270 2 863
3342 2 892
3437 2 918
3536 2 940
3570 2 945
3612 2 960
3658 2 965
4125 2 981
429 2 15
430 2 17
453 2 28
455 2 31
466 2 40
472 2 42
476 2 45
479 2 51
493 2 71
544 2 84
590 2 101
607 2 106
617 2 110
773 2 128
785 2 141
806 2 168
815 2 178
826 2 184
846 2 241
855 2 309
914 2 463
920 2 467
923 2 469
948 2 558
964 2 592
965 2 594
969 2 608
985 2 618
989 2 624
1001 1 631
1003 1 632
1005 1 633
1024 1 634
1030 1 635
1041 1 636
1051 1 640
1052 1 641
1053 1 642
1054 1 643
1058 1 649
1059 1 650
1064 1 651
1068 1 652
1069 1 653
1070 1 654
1075 1 658
1079 1 659
1086 1 660
1093 1 661
1131 1 662
1145 1 663
1146 1 664
1188 1 667
1230 1 670
1242 1 671
1246 1 672
1247 1 673
1258 1 674
1272 1 675
1279 1 676
1323 1 679
1324 1 680
1360 1 681
1366 1 682
1367 1 683
1369 1 684
1438 1 687
1443 1 695
1447 1 698
1449 1 699
1452 1 704
1455 1 710
1456 1 711
1457 1 712
1459 1 713
1463 1 714
1475 1 717
1476 1 718
1477 1 719
1478 1 720
1479 1 721
1480 1 722
1483 1 728
2793 1 733
2823 1 739
2825 1 740
2835 1 743
2837 1 744
2842 1 745
2847 1 746
2850 1 747
2869 1 750
2879 1 759
2886 1 760
2888 1 761
2906 1 762
2923 1 763
2927 1 766
2928 1 767
2929 1 768
2931 1 769
2937 1 772
2946 1 773
2948 1 774
2949 1 775
2953 1 776
2961 1 782
2969 1 785
2970 1 786
2971 1 787
2972 1 788
2973 1 789
2974 1 790
2976 1 791
2989 1 794
3010 1 795
3014 1 798
3018 1 799
3026 1 800
3034 1 801
3050 1 810
3052 1 811
3057 1 812
3059 1 813
3060 1 814
3064 1 815
3073 1 819
3077 1 820
3079 1 823
3081 1 824
3113 1 831
3116 1 832
3125 1 835
3140 1 836
3166 1 840
3198 1 846
3207 1 847
3229 1 850
3231 1 851
3264 1 861
3271 1 864
3284 1 874
3287 1 875
3291 1 876
3300 1 880
3302 1 881
3306 1 882
3313 1 883
3317 1 884
3319 1 885
3324 1 886
3327 1 887
3344 1 893
3348 1 894
3359 1 895
3363 1 896
3365 1 897
3373 1 898
3378 1 899
3391 1 907
3393 1 908
3394 1 909
3403 1 910
3404 1 911
3406 1 912
3416 1 913
3419 1 914
3426 1 915
3433 1 916
3446 1 919
3468 1 925
3481 1 926
3501 1 930
3502 1 931
3507 1 932
3547 1 941
3556 1 942
3561 1 943
3585 1 952
3591 1 953
3597 1 954
3605 1 958
3633 1 961
3641 1 962
3643 1 963
3659 1 966
3664 1 967
3730 1 968
3773 1 969
3816 1 970
3979 1 974
3986 1 975
3998 1 976
4060 1 977
4115 1 978
4124 1 979
4126 1 982
4130 1 983
4133 1 984
4134 1 985
4136 1 986
4194 1 990
4195 1 991
4198 1 992
4200 1 993
4202 1 994
4203 1 995
424 1 6
426 1 13
4321 1 996
4336 1 997
434 1 18
4342 1 998
435 1 19
437 1 20
438 1 21
4402 1 999
4416 1 1000
443 1 22
444 1 23
446 1 24
450 1 25
452 1 26
454 1 29
457 1 32
458 1 33
459 1 34
460 1 35
462 1 36
464 1 37
465 1 38
475 1 43
480 1 52
481 1 53
486 1 57
507 1 72
532 1 73
533 1 74
534 1 75
536 1 76
538 1 77
541 1 81
542 1 82
555 1 88
558 1 89
559 1 90
569 1 91
570 1 92
582 1 96
585 1 97
588 1 98
589 1 99
597 1 102
600 1 103
603 1 104
613 1 107
615 1 108
619 1 111
669 1 112
714 1 113
765 1 114
767 1 115
769 1 122
772 1 126
774 1 129
775 1 130
780 1 134
781 1 135
784 1 139
786 1 142
788 1 143
791 1 148
796 1 156
797 1 157
798 1 158
799 1 159
800 1 160
801 1 161
802 1 162
805 1 166
814 1 176
821 1 182
829 1 206
831 1 211
835 1 220
839 1 226
840 1 227
841 1 228
845 1 239
847 1 242
848 1 243
849 1 244
851 1 250
852 1 251
859 1 327
864 1 352
865 1 353
867 1 360
871 1 366
874 1 378
878 1 385
879 1 386
882 1 387
885 1 398
887 1 417
889 1 418
895 1 434
897 1 435
898 1 436
901 1 441
907 1 452
911 1 461
916 1 464
917 1 465
926 1 470
930 1 485
931 1 486
933 1 490
937 1 497
938 1 498
939 1 499
941 1 505
942 1 506
946 1 549
950 1 569
951 1 570
952 1 571
956 1 586
957 1 587
960 1 588
962 1 589
963 1 590
968 1 606
970 1 609
978 1 616
990 1 625
993 1 626
995 1 627
997 1 628
998 1 629
999 1 630
