1812 47 225
2059 33 836
1931 27 538
2095 25 927
1834 23 270
1785 21 119
1875 21 389
2026 20 757
1773 19 79
1997 18 684
1846 17 308
2020 14 734
2106 14 958
2117 14 990
1779 13 94
1879 13 403
1884 13 419
1918 13 503
2006 13 717
2072 13 868
1802 12 157
1943 12 573
2067 12 853
1860 10 351
1914 10 487
1941 10 560
2003 10 699
2109 10 969
1750 9 39
1864 9 362
1908 9 463
1909 9 472
1839 8 281
1853 8 321
1902 8 447
1990 8 657
2037 8 782
2073 8 876
2086 8 897
1794 7 131
1801 7 145
1803 7 164
1805 7 171
1858 7 335
1896 7 436
1955 7 594
1967 7 606
1983 7 631
1984 7 638
1988 7 647
2040 7 792
1756 6 50
1761 6 56
1843 6 288
1854 6 327
1859 6 341
1953 6 586
2034 6 769
2105 6 944
1970 5 614
2035 5 774
2116 5 976
1799 4 138
1833 4 247
1936 4 544
1938 4 549
1991 4 661
2004 4 703
2043 4 796
2082 4 884
2084 4 888
2119 4 995
1809 3 176
1814 3 229
1816 3 232
1819 3 238
1852 3 313
1906 3 453
1910 3 475
1971 3 617
1975 3 620
2033 3 763
2039 3 785
2100 3 932
2104 3 938
676 3 8
749 3 24
1755 2 44
1784 2 98
1810 2 178
1817 2 234
1845 2 291
1865 2 364
1890 2 425
1911 2 477
1915 2 489
1929 2 511
1947 2 578
1969 2 609
1989 2 649
1992 2 663
1998 2 686
2062 2 838
2094 2 902
2102 2 935
629 2 5
680 2 10
703 2 14
716 2 17
720 2 19
733 2 21
1060 1 27
1066 1 28
1067 1 29
1712 1 30
1751 1 40
1753 1 41
1754 1 42
1764 1 57
1765 1 58
1767 1 59
1772 1 60
1774 1 80
1776 1 81
1780 1 95
1783 1 96
1786 1 120
1787 1 121
1790 1 122
1791 1 123
1792 1 124
1795 1 132
1796 1 133
1798 1 134
1806 1 172
1808 1 173
1813 1 226
1818 1 235
1825 1 239
1827 1 240
1828 1 241
1830 1 242
1832 1 243
1835 1 271
1837 1 272
1838 1 273
1840 1 282
1844 1 289
1848 1 309
1849 1 310
1857 1 328
1861 1 352
1862 1 353
1866 1 365
1871 1 366
1873 1 367
1874 1 368
1876 1 390
1880 1 404
1881 1 405
1882 1 406
1885 1 420
1886 1 421
1887 1 422
1888 1 423
1892 1 426
1893 1 427
1894 1 428
1895 1 429
1897 1 437
1899 1 438
1901 1 439
1903 1 448
1904 1 449
1905 1 450
1907 1 454
1917 1 490
1920 1 504
1922 1 505
1923 1 506
1924 1 507
1926 1 508
1928 1 509
1934 1 539
1935 1 540
1937 1 545
1939 1 550
1942 1 561
1944 1 574
1945 1 575
1946 1 576
1950 1 579
1952 1 580
1954 1 587
1961 1 595
1962 1 596
1963 1 597
1965 1 598
1966 1 599
1968 1 607
1978 1 621
1979 1 622
1981 1 623
1982 1 624
1985 1 639
1987 1 640
1993 1 664
1994 1 665
1995 1 666
1999 1 687
2001 1 688
2002 1 689
2005 1 704
2007 1 718
2008 1 719
2019 1 720
2021 1 735
2022 1 736
2023 1 737
2030 1 758
2031 1 759
2032 1 760
2045 1 797
2046 1 798
2047 1 799
2051 1 800
2055 1 801
2056 1 802
2058 1 803
2064 1 839
2065 1 840
2066 1 841
2068 1 854
2070 1 855
2075 1 877
2076 1 878
2077 1 879
2081 1 880
2085 1 889
2087 1 898
2088 1 899
2091 1 900
2098 1 928
2099 1 929
2101 1 933
2107 1 959
2111 1 970
2113 1 971
2118 1 991
2122 1 996
2124 1 997
2209 1 998
441 1 1
442 1 2
4472 1 999
628 1 3
688 1 11
700 1 12
713 1 15
756 1 25
766 1 26
