4063 33 571
3730 22 161
4402 19 886
3672 12 69
3795 12 238
4011 12 464
4051 12 528
3854 10 301
4099 9 614
4233 9 713
4422 9 920
3745 8 182
3764 8 207
4036 8 496
4420 8 911
4452 8 975
3722 7 136
3751 7 192
3836 7 279
4018 7 474
4046 7 512
4337 7 805
3708 6 110
3710 6 117
3864 6 314
3901 6 348
3966 6 411
4023 6 483
4079 6 589
4104 6 629
4142 6 648
4158 6 666
4305 6 771
4333 6 797
4342 6 813
4382 6 845
4398 6 865
4406 6 896
3711 5 122
3783 5 220
3881 5 327
3896 5 342
3907 5 356
3916 5 367
3919 5 372
3985 5 423
3987 5 428
3992 5 437
4002 5 447
4008 5 452
4043 5 502
4054 5 533
4075 5 580
4103 5 623
4145 5 654
4260 5 734
4392 5 856
4428 5 930
4434 5 942
3687 4 80
3695 4 92
3773 4 214
3831 4 267
3845 4 288
3856 4 305
3894 4 337
3928 4 383
3939 4 393
3940 4 397
4029 4 488
4163 4 673
4205 4 683
4227 4 701
4301 4 764
4331 4 791
4353 4 821
4373 4 835
4446 4 959
4448 4 964
4483 4 998
2786 3 35
3683 3 76
3702 3 98
3705 3 103
3717 3 126
3732 3 166
3788 3 224
3803 3 244
3809 3 248
3823 3 258
3884 3 330
3922 3 375
3934 3 386
3965 3 405
4048 3 515
4089 3 594
4096 3 604
4102 3 618
4115 3 634
4118 3 638
4218 3 691
4244 3 719
4275 3 746
4276 3 749
4313 3 779
4315 3 783
4364 3 829
4379 3 839
4404 3 890
4419 3 903
4432 3 936
4451 3 967
2785 2 32
3688 2 82
3691 2 86
3727 2 139
3731 2 163
3746 2 184
3760 2 197
3763 2 199
3790 2 226
3802 2 241
3811 2 250
3812 2 252
3814 2 254
3833 2 270
3840 2 283
3848 2 290
3877 2 320
3903 2 350
3908 2 358
3911 2 360
3927 2 379
3964 2 402
3971 2 415
3983 2 418
3988 2 430
3991 2 432
3995 2 439
4016 2 467
4020 2 476
4044 2 504
4059 2 536
4061 2 538
4066 2 573
4078 2 583
4093 2 598
4095 2 601
4160 2 668
4164 2 675
4206 2 685
4221 2 693
4222 2 695
4243 2 716
4246 2 721
4250 2 723
4252 2 726
4269 2 740
4273 2 743
4278 2 751
4279 2 753
4292 2 756
4295 2 759
4308 2 773
4311 2 776
4359 2 823
4361 2 825
4365 2 831
4389 2 849
4390 2 851
4393 2 858
4427 2 925
4429 2 932
4436 2 944
4441 2 949
4442 2 951
4444 2 954
4462 2 985
4476 2 991
4479 2 993
478 2 5
488 2 9
1066 1 16
1072 1 17
1769 1 18
1786 1 19
1812 1 20
1930 1 21
1938 1 22
1943 1 23
1948 1 24
1955 1 25
2060 1 26
2086 1 27
2090 1 28
2096 1 29
2109 1 30
2788 1 36
2791 1 37
2792 1 38
2795 1 39
2796 1 40
2804 1 41
2805 1 42
2895 1 43
2917 1 44
3093 1 45
3116 1 46
3198 1 47
3236 1 48
3272 1 49
3457 1 50
3486 1 51
3645 1 52
3647 1 53
3650 1 54
3667 1 55
3668 1 56
3670 1 57
3675 1 70
3677 1 71
3679 1 72
3680 1 73
3689 1 83
3690 1 84
3692 1 87
3693 1 88
3697 1 93
3699 1 94
3700 1 95
3703 1 99
3704 1 100
3706 1 104
3709 1 111
3712 1 123
3719 1 127
3720 1 128
3721 1 129
3723 1 137
3735 1 167
3736 1 168
3737 1 169
3738 1 170
3739 1 171
3740 1 172
3742 1 173
3744 1 174
3750 1 185
3752 1 193
3753 1 194
3759 1 195
3765 1 208
3766 1 209
3772 1 210
3774 1 215
3785 1 221
3799 1 239
3806 1 245
3815 1 255
3824 1 259
3825 1 260
3827 1 261
3828 1 262
3829 1 263
3832 1 268
3834 1 271
3835 1 272
3838 1 280
3839 1 281
3844 1 284
3852 1 291
3858 1 306
3860 1 307
3863 1 308
3865 1 315
3867 1 316
3873 1 317
3874 1 318
3879 1 321
3880 1 322
3889 1 331
3890 1 332
3893 1 333
3906 1 351
3912 1 361
3913 1 362
3924 1 376
3925 1 377
3935 1 387
3937 1 388
3938 1 389
3948 1 398
3958 1 399
3962 1 400
3967 1 412
3968 1 413
3972 1 416
3996 1 440
3999 1 441
4001 1 442
4014 1 465
4021 1 477
4024 1 484
4041 1 497
4045 1 505
4050 1 516
4058 1 534
4070 1 574
4071 1 575
4077 1 581
4080 1 590
4088 1 591
4090 1 595
4091 1 596
4094 1 599
4098 1 605
4101 1 615
4113 1 630
4114 1 631
4117 1 635
4135 1 639
4137 1 640
4139 1 641
4140 1 642
4144 1 649
4146 1 655
4147 1 656
4148 1 657
4150 1 658
4151 1 659
4156 1 660
4161 1 669
4180 1 676
4183 1 677
4184 1 678
4186 1 679
4210 1 686
4211 1 687
4217 1 688
4224 1 696
4226 1 697
4228 1 702
4229 1 703
423 1 1
4231 1 704
4241 1 714
4251 1 724
4253 1 727
4256 1 728
4257 1 729
4263 1 735
4264 1 736
4266 1 737
4268 1 738
4272 1 741
4281 1 754
429 1 2
4293 1 757
4298 1 760
4302 1 765
4310 1 774
4314 1 780
4318 1 784
4323 1 785
4324 1 786
4330 1 787
4334 1 798
4339 1 806
4340 1 807
4343 1 814
4347 1 815
4349 1 816
4351 1 817
4363 1 826
4377 1 836
4386 1 846
4387 1 847
4397 1 859
4399 1 866
4400 1 867
4403 1 887
4412 1 897
4413 1 898
4414 1 899
4418 1 900
4423 1 921
4424 1 922
4425 1 923
4431 1 933
4433 1 937
4437 1 945
4438 1 946
4440 1 947
4443 1 952
4445 1 955
4447 1 960
4453 1 976
4454 1 977
4455 1 978
4456 1 979
4457 1 980
4458 1 981
4459 1 982
4461 1 983
4465 1 986
4471 1 987
4473 1 988
4475 1 989
4481 1 994
4484 1 999
4485 1 1000
475 1 3
484 1 6
485 1 7
494 1 10
498 1 11
529 1 12
789 1 13
804 1 14
840 1 15
