700 17 119
716 14 154
703 13 133
734 13 203
730 12 189
3151 11 615
3272 11 693
680 11 70
3124 10 597
673 10 52
697 10 95
3448 9 807
3515 9 836
3633 9 900
3037 8 538
3103 8 578
3599 8 880
2936 7 483
3302 7 708
3571 7 854
1231 6 290
2978 6 512
3116 6 587
3198 6 646
3534 6 845
698 6 101
720 6 162
726 6 174
756 6 220
1266 5 309
1329 5 345
2954 5 496
3166 5 622
3335 5 727
3409 5 774
3441 5 796
3481 5 818
3730 5 917
681 5 75
685 5 83
1304 4 328
1311 4 338
2846 4 434
2864 4 449
2964 4 503
3069 4 554
3095 4 569
3172 4 626
3240 4 669
3295 4 699
3324 4 718
3327 4 722
3386 4 754
3426 4 783
3433 4 788
3576 4 858
667 4 36
678 4 59
722 4 167
1009 3 239
1279 3 317
1306 3 331
1309 3 334
1342 3 353
1533 3 387
2850 3 437
2877 3 454
2934 3 476
3065 3 550
3077 3 558
3080 3 563
3142 3 604
3193 3 639
3207 3 650
3218 3 656
3231 3 662
3317 3 712
3342 3 733
3351 3 738
3402 3 767
3419 3 779
3612 3 886
3795 3 927
3881 3 934
654 3 27
713 3 139
739 3 207
1078 2 249
1108 2 256
1109 2 258
1202 2 273
1207 2 276
1215 2 279
1225 2 283
1233 2 292
1238 2 294
1262 2 301
1265 2 304
1286 2 321
1296 2 323
1335 2 348
1340 2 350
1343 2 355
1352 2 359
1361 2 362
1522 2 383
1605 2 391
1608 2 395
2782 2 417
2799 2 423
2832 2 428
2845 2 430
2851 2 439
2881 2 457
2882 2 459
2904 2 462
2905 2 464
2921 2 469
2939 2 485
2942 2 488
2965 2 505
3003 2 521
3012 2 525
3014 2 527
3026 2 530
3052 2 546
3078 2 560
3088 2 565
3113 2 580
3140 2 601
3185 2 632
3190 2 634
3192 2 636
3233 2 664
3249 2 671
3251 2 673
3252 2 675
3255 2 677
3264 2 680
3271 2 682
3298 2 701
3318 2 714
3368 2 746
3371 2 749
3390 2 757
3393 2 759
3463 2 810
3491 2 823
3516 2 838
3580 2 860
3583 2 863
3585 2 865
3588 2 867
3594 2 870
3596 2 872
3657 2 905
3854 2 929
3884 2 936
3948 2 940
4002 2 946
4018 2 948
4089 2 957
4189 2 970
4203 2 973
4206 2 975
4233 2 978
4250 2 982
4276 2 984
431 2 2
4313 2 987
4337 2 991
4359 2 994
4365 2 997
507 2 10
540 2 14
660 2 30
668 2 38
669 2 40
676 2 55
684 2 78
754 2 213
758 2 223
761 2 226
980 2 233
1014 1 240
1031 1 241
1040 1 242
1042 1 243
1045 1 244
1046 1 245
1056 1 246
1063 1 247
1084 1 250
1089 1 251
1099 1 252
1105 1 253
1106 1 254
1114 1 259
1120 1 260
1128 1 261
1129 1 262
1135 1 263
1139 1 264
1144 1 265
1188 1 266
1191 1 267
1193 1 268
1199 1 269
1200 1 270
1201 1 271
1205 1 274
1208 1 277
1216 1 280
1217 1 281
1230 1 284
1240 1 295
1250 1 296
1251 1 297
1256 1 298
1259 1 299
1264 1 302
1269 1 310
1270 1 311
1271 1 312
1272 1 313
1274 1 314
1280 1 318
1281 1 319
1297 1 324
1315 1 339
1323 1 340
1331 1 346
1344 1 356
1350 1 357
1356 1 360
1363 1 363
1370 1 364
1374 1 365
1375 1 366
1377 1 367
1399 1 368
1409 1 369
1411 1 370
1414 1 371
1426 1 372
1446 1 373
1460 1 374
1465 1 375
1473 1 376
1492 1 377
1501 1 378
1508 1 379
1515 1 380
1516 1 381
1529 1 384
1553 1 388
1604 1 389
1606 1 392
1607 1 393
1609 1 396
1610 1 397
1642 1 398
1689 1 399
1691 1 400
1693 1 401
1697 1 402
1699 1 403
1700 1 404
1701 1 405
1702 1 406
1709 1 407
1716 1 408
1717 1 409
1718 1 410
1719 1 411
2222 1 412
2768 1 413
2771 1 414
2779 1 415
2787 1 418
2790 1 419
2792 1 420
2798 1 421
2807 1 424
2823 1 425
2830 1 426
2853 1 440
2855 1 441
2858 1 442
2859 1 443
2862 1 444
2863 1 445
2867 1 450
2875 1 451
2880 1 455
2903 1 460
2908 1 465
2910 1 466
2913 1 467
2926 1 470
2929 1 471
2930 1 472
2932 1 473
2940 1 486
2943 1 489
2950 1 490
2951 1 491
2958 1 497
2960 1 498
2962 1 499
2966 1 506
2980 1 513
2982 1 514
2986 1 515
2988 1 516
2992 1 517
2993 1 518
3000 1 519
3004 1 522
3010 1 523
3024 1 528
3038 1 539
3040 1 540
3042 1 541
3045 1 542
3048 1 543
3051 1 544
3061 1 547
3073 1 555
3101 1 570
3114 1 581
3125 1 598
3134 1 599
3154 1 616
3157 1 617
3173 1 627
3180 1 628
3182 1 629
3183 1 630
3197 1 640
3205 1 647
3212 1 651
3214 1 652
3215 1 653
3219 1 657
3226 1 658
3227 1 659
3234 1 665
3257 1 678
3273 1 694
3275 1 695
3314 1 709
3336 1 728
3338 1 729
3339 1 730
3346 1 734
3347 1 735
3352 1 739
3353 1 740
3354 1 741
3360 1 742
3365 1 743
3366 1 744
3369 1 747
3380 1 750
3387 1 755
3394 1 760
3395 1 761
3396 1 762
3397 1 763
3398 1 764
3404 1 768
3407 1 769
3410 1 775
3411 1 776
3432 1 784
3435 1 789
3437 1 790
3438 1 791
3443 1 797
3446 1 798
3459 1 808
3468 1 811
3474 1 812
3478 1 813
3482 1 819
3486 1 820
3487 1 821
3492 1 824
3498 1 825
3505 1 826
3512 1 827
3524 1 839
3536 1 846
3569 1 847
3582 1 861
3589 1 868
3604 1 881
3607 1 882
3608 1 883
3615 1 887
3625 1 888
3627 1 889
3628 1 890
3632 1 891
3634 1 901
3646 1 902
3652 1 903
3663 1 906
3665 1 907
3666 1 908
3672 1 909
3695 1 910
3722 1 911
3724 1 912
3754 1 918
3764 1 919
3768 1 920
3773 1 921
3779 1 922
3782 1 923
3783 1 924
3861 1 930
3873 1 931
3897 1 937
3928 1 938
3954 1 941
3955 1 942
3985 1 943
3991 1 944
4028 1 949
4029 1 950
4034 1 951
4036 1 952
4043 1 953
4060 1 954
4063 1 955
4090 1 958
4095 1 959
4100 1 960
4111 1 961
4122 1 962
4123 1 963
4131 1 964
4136 1 965
4174 1 966
4181 1 967
4188 1 968
4192 1 971
4210 1 976
4235 1 979
4244 1 980
4292 1 985
4315 1 988
4320 1 989
4342 1 992
4361 1 995
4373 1 998
439 1 3
4402 1 999
4477 1 1000
467 1 4
469 1 5
500 1 6
501 1 7
502 1 8
527 1 11
530 1 12
558 1 15
559 1 16
566 1 17
620 1 18
623 1 19
637 1 20
641 1 21
644 1 22
645 1 23
646 1 24
657 1 28
663 1 31
666 1 32
670 1 41
671 1 42
674 1 53
682 1 76
686 1 84
690 1 85
699 1 102
701 1 120
706 1 134
709 1 135
712 1 136
715 1 140
718 1 155
719 1 156
721 1 163
724 1 168
727 1 175
728 1 176
729 1 177
732 1 190
736 1 204
744 1 208
745 1 209
746 1 210
750 1 211
755 1 214
757 1 221
760 1 224
826 1 227
889 1 228
911 1 229
947 1 230
953 1 231
981 1 234
991 1 235
996 1 236
