1679 13 444
1500 9 311
1667 9 416
1688 9 465
3764 9 809
1691 8 474
1525 7 353
1678 7 431
4402 7 992
1507 6 319
1661 6 399
1700 6 490
2139 6 516
2161 6 548
1509 5 325
1515 5 335
1516 5 340
1665 5 406
1684 5 453
1694 5 481
186 5 34
2147 5 526
2149 5 531
2241 5 585
2588 5 648
3730 5 796
1311 4 265
1655 4 392
2137 4 510
2156 4 538
2180 4 568
3881 4 843
4018 4 875
4089 4 896
746 4 145
1262 3 246
1279 3 250
1531 3 360
1533 3 364
1540 3 370
1670 3 421
2133 3 505
2164 3 552
2178 3 563
2292 3 596
234 3 42
2414 3 614
2482 3 625
260 3 47
2615 3 655
2669 3 672
2745 3 686
2751 3 690
321 3 60
3402 3 757
375 3 80
3773 3 813
3788 3 820
4002 3 867
4063 3 889
4093 3 899
4103 3 902
417 3 85
4212 3 919
4218 3 923
4272 3 937
4333 3 953
4373 3 970
4382 3 974
559 3 101
577 3 106
739 3 140
808 3 153
828 3 156
10 2 3
1080 2 197
1081 2 199
1082 2 201
1195 2 221
1215 2 230
122 2 10
1235 2 239
1238 2 242
128 2 13
1292 2 256
1304 2 259
1309 2 261
132 2 15
1329 2 268
1332 2 270
1408 2 283
1434 2 290
1511 2 327
1527 2 356
165 2 26
1683 2 448
2142 2 518
2160 2 542
2168 2 556
2177 2 560
218 2 37
2289 2 593
2364 2 607
2495 2 630
2522 2 635
2529 2 638
2598 2 651
2642 2 661
2661 2 666
2735 2 680
2791 2 695
2887 2 704
2916 2 707
2978 2 714
308 2 55
3192 2 737
3218 2 742
331 2 64
3386 2 753
340 2 66
3426 2 760
343 2 68
3658 2 783
369 2 76
3746 2 800
3795 2 822
3854 2 833
3856 2 835
3884 2 845
3907 2 850
3916 2 853
3919 2 856
3928 2 858
3991 2 863
4023 2 877
4043 2 882
4059 2 885
4079 2 891
4241 2 928
4276 2 939
4286 2 941
4292 2 944
4331 2 950
4337 2 956
4342 2 958
4359 2 964
4364 2 966
4389 2 977
4392 2 981
4398 2 984
558 2 98
654 2 118
655 2 120
680 2 129
686 2 132
833 2 158
854 2 163
862 2 166
863 2 168
866 2 170
886 2 176
943 2 186
100 1 5
1009 1 190
1010 1 191
1011 1 192
1020 1 193
1030 1 194
1057 1 195
108 1 6
110 1 7
1107 1 202
1112 1 203
1124 1 204
1148 1 205
1164 1 206
1166 1 207
1167 1 208
1170 1 209
1171 1 210
1172 1 211
1173 1 212
1174 1 213
1177 1 214
1179 1 215
1183 1 216
1188 1 217
1189 1 218
1194 1 219
1199 1 222
120 1 8
1202 1 223
1206 1 224
1207 1 225
1209 1 226
1211 1 227
1213 1 228
1220 1 231
1221 1 232
1222 1 233
1224 1 234
1228 1 235
123 1 11
1232 1 236
1233 1 237
1237 1 240
1252 1 243
1267 1 247
1281 1 251
1286 1 252
1289 1 253
1290 1 254
1301 1 257
1322 1 266
133 1 16
134 1 17
1342 1 271
1344 1 272
1347 1 273
1350 1 274
1352 1 275
1359 1 276
136 1 18
137 1 19
1372 1 277
1375 1 278
1376 1 279
138 1 20
140 1 21
1405 1 280
1406 1 281
1414 1 284
1418 1 285
1419 1 286
1421 1 287
1422 1 288
1437 1 291
1454 1 292
1462 1 293
1490 1 294
1491 1 295
1493 1 296
1494 1 297
1495 1 298
1496 1 299
1497 1 300
1498 1 301
1499 1 302
1505 1 312
1506 1 313
1508 1 320
151 1 22
1512 1 328
1513 1 329
1514 1 330
1517 1 341
1518 1 342
1519 1 343
1520 1 344
1521 1 345
1523 1 346
1526 1 354
153 1 23
1530 1 357
1532 1 361
1534 1 365
1538 1 366
1539 1 367
1542 1 371
1545 1 372
1546 1 373
1547 1 374
1548 1 375
1553 1 376
1554 1 377
1561 1 378
1573 1 379
1596 1 380
1608 1 381
1613 1 382
1616 1 383
1630 1 384
1632 1 385
164 1 24
1647 1 386
1652 1 387
1654 1 388
1657 1 393
1662 1 400
1663 1 401
1666 1 407
1668 1 417
1669 1 418
1673 1 422
1676 1 423
1677 1 424
1680 1 445
1681 1 446
1685 1 454
1686 1 455
1687 1 456
1690 1 466
1692 1 475
1693 1 476
1695 1 482
1698 1 483
1699 1 484
1703 1 491
1704 1 492
1705 1 493
1706 1 494
1708 1 495
1713 1 496
1714 1 497
1723 1 498
1728 1 499
1729 1 500
1730 1 501
1731 1 502
175 1 27
177 1 28
178 1 29
202 1 35
21 1 4
2134 1 506
2143 1 519
2144 1 520
2146 1 521
2150 1 532
2153 1 533
2155 1 534
2158 1 539
2159 1 540
2162 1 549
2165 1 553
2167 1 554
2169 1 557
2174 1 558
2179 1 564
2189 1 569
2192 1 570
2194 1 571
2202 1 572
2205 1 573
2217 1 574
2221 1 575
2225 1 576
2230 1 577
2231 1 578
2232 1 579
2239 1 580
2257 1 586
2259 1 587
226 1 38
2262 1 588
2272 1 589
2274 1 590
228 1 39
2280 1 591
2297 1 597
2305 1 598
2306 1 599
2321 1 600
2332 1 601
2333 1 602
2335 1 603
2352 1 604
2363 1 605
2379 1 608
2385 1 609
2400 1 610
2409 1 611
2422 1 615
2433 1 616
2438 1 617
2445 1 618
247 1 43
2475 1 619
2476 1 620
2478 1 621
2481 1 622
2486 1 626
2490 1 627
2494 1 628
2497 1 631
2504 1 632
251 1 44
2521 1 633
2526 1 636
2538 1 639
2552 1 640
2554 1 641
2556 1 642
2557 1 643
2595 1 649
2606 1 652
2627 1 656
2635 1 657
2636 1 658
2638 1 659
265 1 48
2650 1 662
2651 1 663
2658 1 664
2663 1 667
2664 1 668
2666 1 669
269 1 49
2690 1 673
2692 1 674
2715 1 675
2720 1 676
2727 1 677
2734 1 678
2737 1 681
2740 1 682
2743 1 683
2746 1 687
2757 1 691
2759 1 692
2786 1 693
2810 1 696
2818 1 697
2841 1 698
2844 1 699
2865 1 700
2866 1 701
2883 1 702
2907 1 705
2918 1 708
292 1 50
2934 1 709
2935 1 710
295 1 51
2957 1 711
2960 1 712
298 1 52
2983 1 715
2991 1 716
3003 1 717
301 1 53
3010 1 718
3018 1 719
3019 1 720
3030 1 721
3051 1 722
3058 1 723
3064 1 724
3065 1 725
3070 1 726
3073 1 727
3074 1 728
3077 1 729
3088 1 730
3095 1 731
310 1 56
3116 1 732
3121 1 733
3124 1 734
315 1 57
3151 1 735
3200 1 738
3207 1 739
3214 1 740
3231 1 743
324 1 61
3251 1 744
3272 1 745
328 1 62
3281 1 746
3295 1 747
3313 1 748
3342 1 749
3365 1 750
3371 1 751
3390 1 754
3415 1 758
3437 1 761
344 1 69
3455 1 762
3458 1 763
3474 1 764
3487 1 765
3527 1 766
3534 1 767
3536 1 768
3571 1 769
3576 1 770
358 1 70
3580 1 771
3582 1 772
3588 1 773
359 1 71
3594 1 774
3599 1 775
361 1 72
3612 1 776
3615 1 777
362 1 73
3633 1 778
3635 1 779
365 1 74
3655 1 780
3657 1 781
3672 1 784
3679 1 785
3688 1 786
3692 1 787
3708 1 788
3717 1 789
3722 1 790
3726 1 791
373 1 77
3731 1 797
3742 1 798
376 1 81
3770 1 810
3777 1 814
3780 1 815
3783 1 816
3784 1 817
3796 1 823
3803 1 824
3809 1 825
3814 1 826
3821 1 827
3827 1 828
3831 1 829
3840 1 830
3841 1 831
3864 1 836
3865 1 837
3869 1 838
3872 1 839
3894 1 846
3896 1 847
3901 1 848
3908 1 851
3918 1 854
3947 1 859
3971 1 860
3988 1 861
4001 1 864
4003 1 868
4008 1 869
4011 1 870
4016 1 871
4025 1 878
4027 1 879
4035 1 880
4046 1 883
4060 1 886
408 1 82
4085 1 892
4117 1 903
4120 1 904
4127 1 905
4132 1 906
4141 1 907
4177 1 908
418 1 86
4181 1 909
4182 1 910
4189 1 911
419 1 87
4191 1 912
4193 1 913
4197 1 914
4206 1 915
4210 1 916
4213 1 920
4221 1 924
4232 1 925
4233 1 926
4250 1 929
4255 1 930
4257 1 931
4260 1 932
4261 1 933
4269 1 934
4289 1 942
4297 1 945
4301 1 946
4315 1 947
4327 1 948
4334 1 954
4344 1 959
4348 1 960
4352 1 961
4358 1 962
4369 1 967
4381 1 971
4388 1 975
4390 1 978
4391 1 979
4394 1 982
4401 1 985
4420 1 993
4426 1 994
4438 1 995
4451 1 996
4452 1 997
4463 1 998
4474 1 999
478 1 88
485 1 89
510 1 90
525 1 91
531 1 92
540 1 93
546 1 94
555 1 95
556 1 96
561 1 102
565 1 103
578 1 107
582 1 108
589 1 109
607 1 110
630 1 111
631 1 112
635 1 113
641 1 114
650 1 115
653 1 116
656 1 121
661 1 122
663 1 123
664 1 124
673 1 125
676 1 126
678 1 127
685 1 130
698 1 133
704 1 134
709 1 135
720 1 136
722 1 137
743 1 141
783 1 146
784 1 147
793 1 148
803 1 149
806 1 150
843 1 159
850 1 160
853 1 161
858 1 164
869 1 171
876 1 172
877 1 173
881 1 174
888 1 177
892 1 178
896 1 179
899 1 180
9 1 1
906 1 181
919 1 182
923 1 183
932 1 184
966 1 187
973 1 188
983 1 189
