3103 14 565
3342 14 708
3448 14 782
3037 11 514
3069 10 529
3335 10 694
3515 10 817
1627 9 205
3272 9 660
2306 8 306
3116 8 577
3594 8 850
3612 8 866
3402 7 742
3534 7 829
3599 7 858
2690 6 434
2978 6 483
3088 6 542
3386 6 728
3633 6 877
3730 6 892
1616 5 188
165 5 20
2409 5 335
2522 5 380
3095 5 548
3124 5 583
3327 5 682
3409 5 748
1615 4 183
1632 4 210
169 4 24
2272 4 289
2552 4 392
2664 4 424
2751 4 457
2896 4 475
3151 4 592
3172 4 602
3193 4 613
3218 4 623
3233 4 636
3249 4 646
331 4 57
3318 4 677
3468 4 791
4167 4 957
4467 4 996
1202 3 112
1238 3 123
128 3 10
1421 3 150
1535 3 161
1648 3 225
1655 3 230
1670 3 238
2139 3 261
2241 3 282
2292 3 296
2364 3 319
240 3 36
2404 3 330
2414 3 338
2445 3 348
2480 3 358
2495 3 367
2504 3 374
2615 3 403
2650 3 414
2656 3 417
2661 3 420
2727 3 444
2739 3 447
2743 3 451
3014 3 498
3207 3 617
3231 3 632
3240 3 639
3294 3 664
3295 3 667
3371 3 720
3426 3 757
3437 3 764
3588 3 842
3854 3 911
4018 3 937
575 3 75
612 3 88
1199 2 109
1207 2 114
1215 2 116
1233 2 120
1298 2 130
1303 2 133
1304 2 135
1346 2 143
1552 2 171
1608 2 176
1620 2 193
1633 2 212
1634 2 214
1644 2 220
186 2 26
2133 2 258
2142 2 264
2196 2 271
2254 2 285
234 2 32
2376 2 324
2422 2 341
2469 2 351
2475 2 354
2481 2 360
2482 2 362
2529 2 384
2538 2 386
2588 2 398
2633 2 405
2649 2 411
2669 2 427
2711 2 437
2761 2 459
2763 2 462
298 2 44
2982 2 485
3001 2 489
3012 2 495
3045 2 518
3073 2 531
3077 2 533
308 2 47
3099 2 550
3166 2 597
3180 2 606
3182 2 608
321 2 50
3219 2 625
3228 2 629
324 2 53
3255 2 649
3264 2 651
3302 2 670
3306 2 672
3349 2 712
3393 2 731
3394 2 733
3415 2 751
3419 2 753
3435 2 761
344 2 60
3441 2 767
3455 2 786
3481 2 795
3490 2 800
3491 2 802
3510 2 807
3529 2 822
3571 2 835
3576 2 837
364 2 64
373 2 66
3732 2 894
3764 2 898
389 2 68
4029 2 939
4089 2 946
4250 2 968
4295 2 973
4337 2 978
4342 2 980
4466 2 992
4468 2 998
579 2 77
594 2 80
1 1 1
1028 1 97
106 1 6
1088 1 98
1101 1 99
1104 1 100
111 1 7
1111 1 101
1120 1 102
1123 1 103
1149 1 104
1150 1 105
1152 1 106
1159 1 107
1219 1 117
1231 1 118
1239 1 124
1243 1 125
1279 1 126
1280 1 127
1281 1 128
1299 1 131
1311 1 136
132 1 11
1326 1 137
1329 1 138
1330 1 139
1331 1 140
1334 1 141
137 1 12
1391 1 144
1401 1 145
1403 1 146
1420 1 147
1422 1 151
1423 1 152
1424 1 153
1425 1 154
1428 1 155
1429 1 156
1430 1 157
1431 1 158
153 1 13
1537 1 162
1538 1 163
1540 1 164
1541 1 165
1543 1 166
1545 1 167
1546 1 168
1549 1 169
1574 1 172
158 1 14
1597 1 173
1598 1 174
1609 1 177
1612 1 178
1614 1 179
1617 1 189
1618 1 190
1619 1 191
1622 1 194
1624 1 195
1625 1 196
1628 1 206
1635 1 215
1637 1 216
1638 1 217
164 1 15
1640 1 218
1645 1 221
1647 1 222
1649 1 226
1651 1 227
1659 1 231
1660 1 232
1663 1 233
1664 1 234
1667 1 235
1671 1 239
1672 1 240
1673 1 241
1714 1 242
1715 1 243
1720 1 244
1721 1 245
1722 1 246
1734 1 247
1745 1 248
1859 1 249
1912 1 250
193 1 27
1957 1 251
203 1 28
2089 1 252
2117 1 253
2129 1 254
213 1 29
2130 1 255
2132 1 256
2140 1 262
2148 1 265
218 1 30
2182 1 266
2183 1 267
2185 1 268
2195 1 269
2211 1 272
2215 1 273
2224 1 274
2225 1 275
2233 1 276
2234 1 277
2236 1 278
2237 1 279
2243 1 283
2280 1 290
2284 1 291
2289 1 292
2290 1 293
2294 1 297
2297 1 298
2307 1 307
2312 1 308
2313 1 309
2314 1 310
2345 1 311
2347 1 312
2349 1 313
2351 1 314
2355 1 315
2357 1 316
2365 1 320
2367 1 321
2369 1 322
2379 1 325
239 1 33
2390 1 326
2396 1 327
2415 1 339
2431 1 342
2432 1 343
2440 1 344
2442 1 345
2451 1 349
247 1 37
2470 1 352
2478 1 355
2484 1 363
2486 1 364
2497 1 368
2499 1 369
2501 1 370
2502 1 371
2512 1 375
2523 1 381
2527 1 382
2544 1 387
2550 1 388
2554 1 393
2564 1 394
2580 1 395
2587 1 396
260 1 38
2610 1 399
2614 1 400
2637 1 406
2638 1 407
2640 1 408
2642 1 409
266 1 39
2666 1 425
2689 1 428
2698 1 435
2714 1 438
2717 1 439
2718 1 440
2720 1 441
2740 1 448
2745 1 452
2746 1 453
2762 1 460
2773 1 463
2774 1 464
2775 1 465
2776 1 466
2777 1 467
2778 1 468
2782 1 469
2806 1 470
2811 1 471
283 1 40
2898 1 476
292 1 41
293 1 42
2954 1 477
2984 1 486
2996 1 487
3003 1 490
3006 1 491
3008 1 492
301 1 45
3010 1 493
3018 1 499
3026 1 500
3029 1 501
3033 1 502
3034 1 503
3038 1 515
3042 1 516
3047 1 519
3078 1 534
3080 1 535
3083 1 536
3090 1 543
3102 1 551
3105 1 566
3108 1 567
3111 1 568
3113 1 569
3119 1 578
3125 1 584
3126 1 585
3131 1 586
3137 1 587
3148 1 588
3152 1 593
3164 1 594
3165 1 595
3167 1 598
3175 1 603
3179 1 604
319 1 48
3190 1 609
3197 1 614
32 1 2
3211 1 618
3212 1 619
3220 1 626
3221 1 627
323 1 51
3242 1 640
3243 1 641
3246 1 642
3252 1 647
3280 1 661
3296 1 668
3317 1 673
3329 1 683
3332 1 684
3344 1 709
3346 1 710
3351 1 713
3361 1 714
3363 1 715
3366 1 716
3368 1 717
3377 1 721
3385 1 722
3390 1 729
3398 1 734
340 1 58
3400 1 735
3408 1 743
3414 1 749
3425 1 754
3427 1 758
3433 1 759
3438 1 765
3446 1 768
3450 1 783
3454 1 784
3461 1 787
3471 1 792
3474 1 793
3483 1 796
3486 1 797
3487 1 798
3492 1 803
3495 1 804
3506 1 805
351 1 61
3516 1 818
3523 1 819
3528 1 820
3535 1 830
3536 1 831
3544 1 832
3547 1 833
355 1 62
3580 1 838
3587 1 839
3596 1 851
3616 1 867
3622 1 868
3627 1 869
3629 1 870
3630 1 871
3634 1 878
3637 1 879
3654 1 880
3662 1 881
3672 1 882
3682 1 883
3686 1 884
3695 1 885
3696 1 886
3749 1 895
3753 1 896
3768 1 899
3788 1 900
3789 1 901
3794 1 902
3803 1 903
3815 1 904
3818 1 905
3820 1 906
3823 1 907
3853 1 908
3864 1 912
3873 1 913
3875 1 914
3884 1 915
3885 1 916
3899 1 917
3901 1 918
3907 1 919
3919 1 920
3921 1 921
3931 1 922
3933 1 923
3942 1 924
3949 1 925
3951 1 926
3963 1 927
3974 1 928
3975 1 929
3976 1 930
3984 1 931
3994 1 932
4002 1 933
4008 1 934
4036 1 940
4052 1 941
4059 1 942
4063 1 943
4087 1 944
4096 1 947
411 1 69
4115 1 948
4116 1 949
4117 1 950
4162 1 951
4163 1 952
4165 1 953
4169 1 958
4172 1 959
4175 1 960
4185 1 961
4206 1 962
4210 1 963
4232 1 964
4236 1 965
4243 1 966
4267 1 969
4292 1 970
4294 1 971
4298 1 974
4303 1 975
4305 1 976
4350 1 981
4353 1 982
4357 1 983
4360 1 984
4365 1 985
4373 1 986
4417 1 987
4418 1 988
4429 1 989
4449 1 990
4469 1 999
4470 1 1000
50 1 3
519 1 70
53 1 4
550 1 71
573 1 72
582 1 78
596 1 81
598 1 82
602 1 83
607 1 84
610 1 85
617 1 89
618 1 90
681 1 91
730 1 92
734 1 93
825 1 94
903 1 95
957 1 96
98 1 5
